1,1,1609,543,80,81,0.93,7,0,0
1,2,1701,507,134,134,0.92,5,0,0
1,3,803,525,98,80,0.91,7,0,0
1,4,1061,977,234,163,0.90,3,0,0
1,5,845,731,173,132,0.88,4,0,0
1,6,638,1131,202,180,0.88,3,0,0
1,8,434,1032,120,134,0.87,3,0,0
1,9,635,671,146,103,0.87,3,0,0
1,11,1889,441,95,79,0.87,3,0,0
1,12,2099,317,87,61,0.86,3,0,0
1,14,1966,395,90,76,0.85,3,0,0
1,15,2169,273,83,69,0.85,3,0,0
1,17,536,506,92,72,0.84,7,0,0
1,18,1818,491,94,84,0.84,3,0,0
1,19,1527,624,67,80,0.83,7,0,0
1,20,1019,899,101,80,0.83,6,0,0
1,21,1698,943,75,61,0.82,9,0,0
1,22,1590,441,105,70,0.82,3,0,0
1,23,1499,583,54,61,0.81,9,0,0
1,24,1951,371,57,51,0.81,6,0,0
1,25,184,943,89,56,0.81,9,0,0
1,26,1451,761,57,70,0.81,9,0,0
1,27,1846,1240,168,143,0.81,7,0,0
1,28,667,510,41,47,0.80,9,0,0
1,29,1373,702,54,65,0.79,0,0,0
1,30,1650,663,62,57,0.79,9,0,0
1,31,1701,494,42,51,0.79,0,0,0
1,32,788,573,60,52,0.78,0,0,0
1,33,2031,356,98,71,0.78,3,0,0
1,34,1168,1162,42,79,0.78,0,0,0
1,35,1782,466,47,48,0.77,9,0,0
1,37,1350,807,55,61,0.77,9,0,0
1,38,1754,763,55,57,0.77,9,0,0
1,39,538,480,105,93,0.77,7,0,0
1,40,2121,749,43,62,0.76,9,0,0
1,41,2222,235,79,64,0.75,3,0,0
1,42,2183,632,43,61,0.75,9,0,0
1,43,1092,634,63,48,0.75,9,0,0
1,44,1434,836,66,70,0.75,9,0,0
1,45,298,1314,87,89,0.75,9,0,0
1,46,319,540,140,88,0.74,3,0,0
1,47,2303,853,36,67,0.74,0,0,0
1,48,360,1080,39,75,0.73,0,0,0
1,49,2500,763,37,60,0.73,0,0,0
1,50,1204,698,33,66,0.72,0,0,0
1,51,674,1425,51,80,0.72,0,0,0
1,53,2330,847,37,65,0.71,0,0,0
1,54,449,590,145,96,0.70,3,0,0
1,55,665,987,85,83,0.69,9,0,0
1,56,582,565,50,48,0.69,9,0,0
1,57,1572,1094,64,109,0.69,9,0,0
1,58,1186,696,31,61,0.69,0,0,0
1,59,898,636,59,48,0.68,9,0,0
1,60,1313,1208,82,102,0.67,9,0,0
1,61,1320,535,28,50,0.66,0,0,0
1,62,1362,550,41,50,0.66,9,0,0
1,63,546,475,104,75,0.66,7,0,0
1,64,1547,1015,64,70,0.65,9,0,0
1,65,1889,744,51,53,0.64,9,0,0
1,66,593,800,55,64,0.64,9,0,0
1,67,1968,849,47,63,0.63,9,0,0
1,68,1008,586,31,57,0.63,0,0,0
1,69,2313,488,37,56,0.63,9,0,0
1,70,2554,31,77,69,0.62,5,0,0
1,71,724,1001,76,77,0.62,2,0,0
1,72,1952,1197,84,66,0.61,0,0,0
2,1,1607,531,86,87,0.92,7,0,0
2,2,1702,503,131,131,0.79,5,0,0
2,3,802,518,97,80,0.95,7,0,0
2,4,1056,970,234,163,0.90,3,0,0
2,5,843,721,176,135,0.87,4,0,0
2,6,623,1126,217,192,0.89,3,0,0
2,8,434,1025,121,135,0.87,3,0,0
2,9,638,665,142,100,0.86,3,0,0
2,11,1886,432,98,82,0.87,3,0,0
2,12,2100,307,90,64,0.84,3,0,0
2,14,1966,387,90,77,0.81,3,0,0
2,15,2171,267,82,67,0.84,3,0,0
2,17,531,502,93,72,0.65,7,0,0
2,18,1816,482,97,86,0.82,3,0,0
2,19,1528,613,67,80,0.79,7,0,0
2,20,1025,895,97,76,0.80,6,0,0
2,21,1685,931,83,66,0.83,9,0,0
2,22,1592,433,102,69,0.84,3,0,0
2,23,1495,578,56,62,0.84,9,0,0
2,24,1948,366,57,51,0.65,6,0,0
2,25,187,937,86,54,0.76,9,0,0
2,26,1452,757,55,67,0.82,9,0,0
2,27,1853,1237,170,145,0.84,7,0,0
2,28,666,499,43,50,0.78,9,0,0
2,29,1375,697,53,64,0.79,9,0,0
2,30,1648,658,62,56,0.78,9,0,0
2,31,1696,487,41,48,0.80,9,0,0
2,32,785,566,59,51,0.80,9,0,0
2,33,2032,348,99,72,0.82,3,0,0
2,34,1167,1154,41,78,0.78,0,0,0
2,35,1779,458,50,52,0.68,9,0,0
2,37,1344,798,58,64,0.79,9,0,0
2,38,1762,752,55,57,0.77,9,0,0
2,39,534,480,103,91,0.72,7,0,0
2,40,2123,736,41,60,0.64,9,0,0
2,41,2221,227,79,66,0.83,3,0,0
2,42,2185,621,44,61,0.81,9,0,0
2,43,1084,622,66,51,0.74,9,0,0
2,44,1435,838,56,60,0.77,9,0,0
2,45,292,1312,88,89,0.70,9,0,0
2,46,319,532,143,90,0.77,3,0,0
2,47,2304,848,34,63,0.70,0,0,0
2,48,361,1072,39,75,0.74,0,0,0
2,49,2499,756,37,63,0.76,0,0,0
2,50,1203,693,33,65,0.69,0,0,0
2,51,673,1416,54,82,0.66,0,0,0
2,53,2330,841,37,65,0.77,0,0,0
2,54,444,581,154,102,0.72,3,0,0
2,55,663,976,88,86,0.69,9,0,0
2,56,572,549,55,53,0.78,9,0,0
2,57,1573,1091,63,109,0.72,9,0,0
2,58,1184,692,32,62,0.55,0,0,0
2,59,891,626,60,50,0.71,9,0,0
2,60,1319,1204,81,101,0.53,9,0,0
2,61,1322,529,27,49,0.58,0,0,0
2,62,1365,546,40,50,0.29,0,0,0
2,63,550,470,100,73,0.80,7,0,0
2,64,1548,1007,66,73,0.73,9,0,0
2,65,1892,729,57,60,0.72,9,0,0
2,66,598,798,55,63,0.48,0,0,0
2,67,1971,838,45,62,0.51,9,0,0
2,68,1009,578,29,55,0.62,0,0,0
2,69,2318,482,33,51,0.64,9,0,0
2,70,2553,27,76,68,0.86,5,0,0
2,71,725,989,79,80,0.73,2,0,0
2,72,1958,1193,82,64,0.64,0,0,0
3,1,1607,527,86,88,0.92,7,0,0
3,2,1702,499,132,132,0.68,5,0,0
3,3,803,515,96,77,0.91,7,0,0
3,4,1050,969,235,164,0.91,3,0,0
3,5,842,718,176,135,0.89,4,0,0
3,6,616,1137,208,185,0.89,3,0,0
3,8,434,1023,121,136,0.87,3,0,0
3,9,640,663,140,99,0.88,3,0,0
3,11,1885,428,99,84,0.84,3,0,0
3,12,2100,303,90,64,0.85,3,0,0
3,14,1966,382,92,77,0.83,3,0,0
3,15,2169,262,83,69,0.82,3,0,0
3,17,531,499,86,67,0.63,7,0,0
3,18,1817,480,95,86,0.88,3,0,0
3,19,1528,609,66,80,0.83,7,0,0
3,20,1025,891,98,77,0.87,6,0,0
3,21,1679,925,83,66,0.87,9,0,0
3,22,1592,430,103,69,0.84,3,0,0
3,23,1492,575,57,63,0.84,9,0,0
3,24,1945,364,58,51,0.53,6,0,0
3,25,186,934,88,55,0.81,9,0,0
3,26,1452,755,53,65,0.84,9,0,0
3,27,1863,1243,163,138,0.69,7,0,0
3,28,665,496,44,50,0.82,9,0,0
3,29,1374,692,55,66,0.80,9,0,0
3,30,1646,652,62,58,0.79,9,0,0
3,31,1693,485,41,49,0.82,9,0,0
3,32,781,561,59,51,0.75,9,0,0
3,33,2031,343,101,73,0.82,3,0,0
3,34,1165,1150,44,83,0.79,0,0,0
3,35,1777,457,49,51,0.77,9,0,0
3,37,1339,792,61,67,0.83,9,0,0
3,38,1771,748,54,55,0.70,9,0,0
3,39,532,474,102,91,0.80,7,0,0
3,40,2123,725,42,60,0.74,9,0,0
3,41,2219,222,82,68,0.83,3,0,0
3,42,2187,609,46,66,0.77,9,0,0
3,43,1072,618,69,53,0.80,9,0,0
3,44,1430,834,55,58,0.77,9,0,0
3,45,281,1316,89,90,0.70,9,0,0
3,46,322,530,141,88,0.73,3,0,0
3,47,2305,846,33,61,0.67,0,0,0
3,48,361,1069,40,77,0.73,0,0,0
3,49,2499,753,36,60,0.75,0,0,0
3,50,1203,690,33,65,0.72,0,0,0
3,51,676,1413,52,80,0.74,0,0,0
3,53,2330,840,36,64,0.74,0,0,0
3,54,445,579,153,101,0.76,3,0,0
3,55,662,976,87,84,0.74,9,0,0
3,56,567,547,53,51,0.84,9,0,0
3,57,1571,1090,64,111,0.72,0,0,0
3,58,1182,687,33,64,0.66,0,0,0
3,59,885,620,62,51,0.54,9,0,0
3,60,1330,1212,75,93,0.53,9,0,0
3,61,1322,526,28,51,0.57,0,0,0
3,62,1364,541,41,50,0.43,9,0,0
3,63,545,467,109,79,0.89,7,0,0
3,64,1553,1012,71,79,0.56,9,0,0
3,65,1898,722,58,62,0.78,9,0,0
3,66,600,795,55,64,0.54,9,0,0
3,67,1973,827,49,67,0.76,9,0,0
3,68,1010,575,29,54,0.67,0,0,0
3,69,2321,479,32,48,0.65,9,0,0
3,70,2551,19,81,73,0.86,5,0,0
3,71,724,987,78,78,0.64,2,0,0
3,72,1962,1191,85,65,0.71,0,0,0
4,1,1607,526,86,88,0.91,7,0,0
4,2,1702,500,132,132,0.65,5,0,0
4,3,803,513,96,79,0.92,7,0,0
4,4,1044,970,238,166,0.90,3,0,0
4,5,842,717,176,135,0.89,4,0,0
4,6,599,1149,207,183,0.91,3,0,0
4,8,435,1024,120,134,0.87,3,0,0
4,9,642,664,139,98,0.88,3,0,0
4,11,1884,427,100,84,0.83,3,0,0
4,12,2100,301,91,65,0.85,3,0,0
4,14,1968,381,90,77,0.84,3,0,0
4,15,2169,261,83,69,0.83,3,0,0
4,17,521,494,84,66,0.33,7,0,0
4,18,1817,480,95,85,0.87,3,0,0
4,19,1528,608,66,79,0.85,7,0,0
4,20,1029,895,94,74,0.80,6,0,0
4,21,1671,922,78,63,0.82,9,0,0
4,22,1591,430,104,70,0.84,3,0,0
4,23,1488,575,58,64,0.86,9,0,0
4,24,1942,364,57,52,0.64,6,0,0
4,25,186,933,87,55,0.80,9,0,0
4,26,1452,754,53,65,0.82,9,0,0
4,27,1875,1249,160,136,0.72,7,0,0
4,28,665,495,44,51,0.81,9,0,0
4,29,1373,691,56,66,0.82,9,0,0
4,30,1642,653,62,58,0.78,9,0,0
4,31,1687,485,42,51,0.74,9,0,0
4,32,775,559,61,51,0.77,9,0,0
4,33,2032,343,100,72,0.80,3,0,0
4,34,1163,1149,45,84,0.79,0,0,0
4,35,1773,457,49,51,0.78,9,0,0
4,37,1335,789,60,66,0.80,9,0,0
4,38,1780,740,56,58,0.76,9,0,0
4,39,530,481,92,81,0.73,7,0,0
4,40,2121,717,44,64,0.72,9,0,0
4,41,2219,221,82,68,0.83,3,0,0
4,42,2192,605,44,61,0.80,9,0,0
4,43,1063,617,68,53,0.79,9,0,0
4,44,1424,828,58,61,0.82,9,0,0
4,45,271,1323,87,88,0.75,9,0,0
4,46,324,530,141,89,0.71,3,0,0
4,47,2305,846,32,59,0.69,0,0,0
4,48,361,1069,40,77,0.73,0,0,0
4,49,2499,752,35,60,0.75,0,0,0
4,50,1201,691,33,66,0.69,0,0,0
4,51,677,1410,53,81,0.75,0,0,0
4,53,2329,841,36,63,0.75,0,0,0
4,54,446,580,154,101,0.68,3,0,0
4,55,662,975,87,84,0.75,9,0,0
4,56,560,545,54,52,0.80,9,0,0
4,57,1570,1090,65,113,0.72,9,0,0
4,58,1179,687,33,66,0.69,0,0,0
4,59,877,608,68,57,0.63,9,0,0
4,60,1336,1216,77,95,0.54,9,0,0
4,61,1323,526,28,50,0.54,0,0,0
4,62,1365,538,44,53,0.34,9,0,0
4,63,533,467,120,87,0.90,7,0,0
4,64,1558,1017,74,81,0.63,9,0,0
4,65,1905,722,56,59,0.79,9,0,0
4,66,603,798,56,64,0.53,9,0,0
4,67,1977,822,48,66,0.76,9,0,0
4,68,1011,574,29,53,0.69,0,0,0
4,69,2322,471,35,52,0.64,9,0,0
4,70,2550,20,80,71,0.86,5,0,0
4,71,725,986,77,78,0.69,2,0,0
4,72,1966,1192,85,66,0.71,9,0,0
4,75,2626,19,55,44,0.63,3,0,0
4,76,1047,836,52,67,0.53,0,0,0
5,1,1612,539,74,75,0.85,7,0,0
5,2,1702,501,130,130,0.84,5,0,0
5,3,804,515,95,78,0.91,7,0,0
5,4,1035,970,246,170,0.90,3,0,0
5,5,842,719,175,134,0.89,4,0,0
5,6,583,1162,208,183,0.90,3,0,0
5,8,434,1024,121,135,0.87,3,0,0
5,9,645,666,138,97,0.87,3,0,0
5,11,1885,428,99,84,0.84,3,0,0
5,12,2100,301,91,65,0.83,3,0,0
5,14,1966,382,91,77,0.84,3,0,0
5,15,2169,261,84,69,0.83,3,0,0
5,17,514,494,83,65,0.66,7,0,0
5,18,1816,480,97,86,0.84,0,0,0
5,19,1529,609,64,77,0.83,0,0,0
5,20,1027,892,100,78,0.75,6,0,0
5,21,1662,918,80,65,0.77,9,0,0
5,22,1592,430,102,69,0.84,3,0,0
5,23,1487,578,55,61,0.85,9,0,0
5,24,1939,366,58,51,0.82,6,0,0
5,25,186,935,86,54,0.80,9,0,0
5,26,1452,755,53,64,0.84,9,0,0
5,27,1885,1252,163,139,0.85,7,0,0
5,28,665,495,44,50,0.77,9,0,0
5,29,1373,691,55,66,0.81,0,0,0
5,30,1639,655,61,56,0.81,9,0,0
5,31,1680,488,45,52,0.75,9,0,0
5,32,771,558,59,50,0.75,9,0,0
5,33,2032,344,100,72,0.81,3,0,0
5,34,1162,1148,44,83,0.80,0,0,0
5,35,1769,460,49,51,0.75,9,0,0
5,37,1331,789,58,63,0.72,9,0,0
5,38,1788,735,57,59,0.76,9,0,0
5,39,530,476,95,82,0.60,7,0,0
5,40,2122,711,42,62,0.73,9,0,0
5,41,2220,222,81,67,0.85,3,0,0
5,42,2194,601,43,62,0.76,9,0,0
5,43,1055,618,67,52,0.79,9,0,0
5,44,1417,820,63,66,0.79,9,0,0
5,45,260,1332,85,86,0.75,9,0,0
5,46,326,532,141,88,0.77,3,0,0
5,47,2303,849,32,60,0.67,0,0,0
5,48,360,1070,40,76,0.74,0,0,0
5,49,2499,751,35,57,0.75,0,0,0
5,50,1199,691,34,67,0.67,0,0,0
5,51,678,1410,52,81,0.75,0,0,0
5,53,2328,842,35,63,0.74,0,0,0
5,54,449,580,151,99,0.72,3,0,0
5,55,664,978,84,82,0.73,9,0,0
5,56,552,545,52,51,0.79,0,0,0
5,57,1571,1098,62,108,0.65,9,0,0
5,58,1176,687,34,67,0.67,0,0,0
5,59,873,613,64,53,0.55,9,0,0
5,60,1343,1220,77,96,0.43,9,0,0
5,61,1325,526,28,51,0.55,0,0,0
5,62,1368,541,41,50,0.26,9,0,0
5,63,544,466,110,80,0.88,7,0,0
5,64,1563,1023,78,86,0.56,9,0,0
5,65,1911,719,56,60,0.78,9,0,0
5,66,606,799,53,62,0.43,9,0,0
5,67,1981,818,48,65,0.73,9,0,0
5,68,1013,575,28,53,0.64,0,0,0
5,69,2324,466,36,54,0.66,9,0,0
5,70,2549,21,79,71,0.89,5,0,0
5,71,726,985,78,79,0.73,2,0,0
5,72,1972,1195,83,65,0.70,9,0,0
5,75,2623,21,53,43,0.59,3,0,0
5,76,1048,841,55,71,0.56,9,0,0
5,77,2056,278,62,57,0.61,6,0,0
5,78,1483,491,46,56,0.53,0,0,0
6,1,1608,531,83,84,0.87,7,0,0
6,2,1702,502,130,130,0.85,5,0,0
6,3,803,515,96,78,0.89,7,0,0
6,4,1030,971,245,170,0.91,3,0,0
6,5,842,719,176,136,0.89,4,0,0
6,6,567,1171,212,186,0.88,3,0,0
6,8,434,1025,120,135,0.87,3,0,0
6,9,647,668,138,97,0.87,3,0,0
6,11,1885,429,98,83,0.86,3,0,0
6,12,2100,302,90,65,0.82,3,0,0
6,14,1966,382,91,78,0.84,3,0,0
6,15,2169,262,84,69,0.84,3,0,0
6,17,509,492,90,70,0.73,7,0,0
6,18,1816,480,97,87,0.84,3,0,0
6,19,1528,609,65,78,0.82,7,0,0
6,20,1027,894,101,80,0.74,6,0,0
6,21,1654,918,76,61,0.84,9,0,0
6,22,1592,431,101,68,0.84,3,0,0
6,23,1483,579,55,61,0.87,9,0,0
6,24,1935,368,59,53,0.74,6,0,0
6,25,186,937,86,53,0.80,9,0,0
6,26,1452,755,53,65,0.81,9,0,0
6,27,1899,1261,154,131,0.75,7,0,0
6,28,665,495,44,51,0.74,9,0,0
6,29,1373,692,55,65,0.82,9,0,0
6,30,1636,657,61,57,0.86,9,0,0
6,31,1675,491,44,52,0.75,9,0,0
6,32,767,558,57,49,0.78,9,0,0
6,33,2030,344,100,73,0.81,3,0,0
6,34,1161,1148,44,82,0.81,0,0,0
6,35,1764,463,49,51,0.80,9,0,0
6,37,1326,787,56,62,0.78,9,0,0
6,38,1797,729,57,60,0.74,9,0,0
6,39,527,476,96,82,0.65,7,0,0
6,40,2122,705,42,62,0.71,9,0,0
6,41,2219,223,81,66,0.85,3,0,0
6,42,2195,597,45,62,0.78,0,0,0
6,43,1045,618,65,51,0.79,9,0,0
6,44,1413,818,62,66,0.79,9,0,0
6,45,247,1340,87,87,0.76,9,0,0
6,46,327,534,141,88,0.71,3,0,0
6,47,2302,850,34,61,0.71,0,0,0
6,48,360,1070,40,77,0.73,0,0,0
6,49,2500,750,34,57,0.75,0,0,0
6,50,1196,693,34,66,0.68,0,0,0
6,51,677,1409,52,81,0.73,0,0,0
6,53,2326,843,36,64,0.75,0,0,0
6,54,450,583,157,104,0.59,3,0,0
6,55,662,976,88,85,0.64,9,0,0
6,56,544,545,53,51,0.78,9,0,0
6,57,1569,1102,63,108,0.60,9,0,0
6,58,1175,689,33,66,0.70,0,0,0
6,59,864,613,62,51,0.63,9,0,0
6,60,1348,1223,80,98,0.45,9,0,0
6,61,1327,527,27,49,0.58,0,0,0
6,62,1366,536,44,54,0.45,9,0,0
6,63,548,466,105,77,0.86,7,0,0
6,64,1571,1027,74,83,0.62,9,0,0
6,65,1915,717,57,61,0.80,9,0,0
6,66,610,803,53,62,0.48,9,0,0
6,67,1983,814,48,65,0.78,9,0,0
6,68,1014,576,28,51,0.69,0,0,0
6,69,2327,465,35,53,0.69,9,0,0
6,70,2546,21,81,72,0.81,5,0,0
6,71,726,986,78,78,0.68,2,0,0
6,72,1980,1202,79,61,0.76,9,0,0
6,75,2621,22,53,43,0.48,3,0,0
6,76,1052,846,55,72,0.54,9,0,0
6,77,2055,280,60,56,0.51,6,0,0
6,78,1481,493,47,56,0.53,9,0,0
6,79,690,549,44,50,0.51,9,0,0
6,80,186,869,84,55,0.59,0,0,0
7,1,1606,528,86,88,0.89,7,0,0
7,2,1701,502,131,130,0.91,5,0,0
7,3,803,515,95,78,0.89,7,0,0
7,4,1027,973,242,169,0.90,3,0,0
7,5,842,720,176,136,0.89,4,0,0
7,6,551,1183,212,185,0.89,3,0,0
7,8,433,1025,121,135,0.88,3,0,0
7,9,647,668,141,99,0.87,3,0,0
7,11,1885,430,98,82,0.84,3,0,0
7,12,2101,304,88,63,0.85,3,0,0
7,14,1966,384,90,77,0.85,3,0,0
7,15,2169,262,83,69,0.85,3,0,0
7,17,506,487,92,73,0.62,7,0,0
7,18,1816,480,97,87,0.82,3,0,0
7,19,1528,610,64,76,0.77,7,0,0
7,20,1028,897,100,78,0.72,6,0,0
7,21,1644,915,77,63,0.83,9,0,0
7,22,1592,432,101,67,0.85,3,0,0
7,23,1479,581,56,62,0.87,9,0,0
7,24,1931,370,58,52,0.64,6,0,0
7,26,1451,755,54,66,0.84,9,0,0
7,27,1907,1266,155,131,0.82,7,0,0
7,28,666,496,43,50,0.67,9,0,0
7,29,1374,695,53,63,0.78,9,0,0
7,30,1633,659,62,55,0.83,9,0,0
7,31,1671,494,43,52,0.75,9,0,0
7,32,762,558,58,49,0.75,9,0,0
7,33,2030,345,100,72,0.81,3,0,0
7,34,1160,1147,42,81,0.79,0,0,0
7,35,1760,464,49,51,0.74,9,0,0
7,37,1322,784,55,62,0.79,9,0,0
7,38,1805,727,57,59,0.78,9,0,0
7,40,2123,700,42,61,0.74,9,0,0
7,41,2219,223,80,67,0.87,3,0,0
7,42,2199,593,43,61,0.78,9,0,0
7,43,1035,617,67,53,0.79,9,0,0
7,44,1410,820,59,63,0.77,9,0,0
7,45,239,1353,84,85,0.66,9,0,0
7,46,328,534,143,89,0.71,3,0,0
7,47,2301,852,33,61,0.71,0,0,0
7,48,359,1071,41,77,0.76,0,0,0
7,49,2500,749,34,57,0.77,0,0,0
7,50,1197,695,32,63,0.62,0,0,0
7,51,678,1408,52,82,0.75,0,0,0
7,53,2325,843,35,64,0.74,0,0,0
7,54,451,583,159,105,0.65,3,0,0
7,55,661,974,90,88,0.65,9,0,0
7,56,536,543,53,51,0.76,9,0,0
7,57,1571,1112,59,103,0.60,9,0,0
7,58,1174,690,31,63,0.72,0,0,0
7,59,860,613,61,51,0.72,9,0,0
7,60,1354,1224,81,100,0.64,9,0,0
7,61,1328,527,27,48,0.62,0,0,0
7,62,1367,535,44,55,0.37,9,0,0
7,63,552,466,103,76,0.83,7,0,0
7,64,1577,1035,74,82,0.69,9,0,0
7,65,1922,717,54,58,0.75,9,0,0
7,66,613,807,54,64,0.36,0,0,0
7,67,1986,810,48,66,0.75,9,0,0
7,68,1016,576,28,51,0.66,0,0,0
7,69,2329,464,35,52,0.64,9,0,0
7,70,2544,23,78,71,0.82,5,0,0
7,71,724,988,77,78,0.66,2,0,0
7,72,1983,1201,86,66,0.80,9,0,0
7,75,2620,25,52,42,0.39,3,0,0
7,76,1056,851,54,69,0.57,9,0,0
7,77,2051,282,60,56,0.53,6,0,0
7,78,1480,496,45,55,0.37,9,0,0
7,79,688,549,42,48,0.50,0,0,0
7,80,184,870,89,59,0.58,3,0,0
7,82,2230,921,56,69,0.57,9,0,0
7,83,2253,1037,112,99,0.51,0,0,0
8,1,1607,530,84,87,0.92,7,0,0
8,2,1701,504,131,129,0.89,0,0,0
8,3,802,516,95,78,0.91,7,0,0
8,4,1022,976,241,168,0.90,3,0,0
8,5,842,721,176,135,0.88,4,0,0
8,6,533,1192,218,188,0.89,3,0,0
8,8,432,1026,121,135,0.89,3,0,0
8,9,647,669,142,99,0.86,3,0,0
8,11,1885,430,98,83,0.82,3,0,0
8,12,2100,305,89,64,0.86,3,0,0
8,14,1965,384,91,78,0.87,3,0,0
8,15,2169,263,83,68,0.86,3,0,0
8,17,497,486,97,76,0.77,7,0,0
8,18,1815,480,98,88,0.82,3,0,0
8,19,1523,607,69,84,0.77,7,0,0
8,20,1029,897,101,79,0.72,6,0,0
8,21,1636,913,76,62,0.82,9,0,0
8,22,1592,432,102,69,0.84,3,0,0
8,23,1476,583,56,61,0.86,9,0,0
8,24,1928,372,58,52,0.84,6,0,0
8,26,1450,755,54,67,0.84,9,0,0
8,27,1914,1268,158,134,0.69,7,0,0
8,28,665,495,42,50,0.68,9,0,0
8,29,1373,695,53,64,0.79,9,0,0
8,30,1630,660,62,56,0.84,9,0,0
8,31,1666,495,45,54,0.69,9,0,0
8,32,758,557,58,50,0.77,9,0,0
8,33,2032,346,99,72,0.80,3,0,0
8,34,1158,1146,43,80,0.79,0,0,0
8,35,1756,465,51,53,0.67,9,0,0
8,37,1317,784,54,60,0.79,9,0,0
8,38,1815,727,54,57,0.63,9,0,0
8,40,2125,693,41,61,0.64,9,0,0
8,41,2219,224,80,66,0.87,3,0,0
8,42,2203,590,42,60,0.79,9,0,0
8,43,1027,619,65,51,0.81,0,0,0
8,44,1405,818,59,63,0.79,9,0,0
8,45,225,1356,88,88,0.65,9,0,0
8,46,332,536,142,89,0.72,3,0,0
8,47,2301,854,33,60,0.72,0,0,0
8,48,359,1072,41,77,0.76,0,0,0
8,49,2500,749,33,55,0.76,0,0,0
8,50,1193,695,32,64,0.70,0,0,0
8,51,678,1407,53,84,0.76,0,0,0
8,53,2323,845,35,63,0.73,0,0,0
8,54,453,586,157,104,0.75,3,0,0
8,55,660,972,91,90,0.66,0,0,0
8,56,529,542,52,51,0.70,9,0,0
8,57,1571,1123,58,99,0.63,9,0,0
8,58,1174,693,31,63,0.72,0,0,0
8,59,855,612,60,50,0.64,9,0,0
8,60,1361,1228,81,99,0.65,9,0,0
8,61,1330,527,26,46,0.59,0,0,0
8,62,1367,535,45,56,0.35,9,0,0
8,63,553,466,100,75,0.76,7,0,0
8,64,1585,1041,74,83,0.59,9,0,0
8,65,1928,713,54,60,0.68,9,0,0
8,66,617,818,53,64,0.60,9,0,0
8,67,1989,806,48,66,0.72,9,0,0
8,68,1017,577,27,50,0.66,0,0,0
8,69,2332,462,34,51,0.58,9,0,0
8,70,2540,26,78,70,0.72,5,0,0
8,71,724,992,74,74,0.65,2,0,0
8,72,1983,1197,93,71,0.64,9,0,0
8,75,2618,26,54,43,0.39,3,0,0
8,76,1058,855,53,68,0.63,9,0,0
8,77,2048,284,59,55,0.49,6,0,0
8,78,1478,498,45,55,0.46,9,0,0
8,79,683,548,43,48,0.66,9,0,0
8,80,179,873,96,63,0.57,3,0,0
8,82,2232,925,55,68,0.66,9,0,0
8,83,2245,1032,110,98,0.48,6,0,0
8,84,1562,1063,36,76,0.69,0,0,0
8,85,1825,599,41,58,0.54,9,0,0
8,86,2225,1229,46,85,0.63,0,0,0
9,1,1609,537,78,80,0.88,7,0,0
9,2,1700,504,132,130,0.89,5,0,0
9,3,802,516,95,78,0.93,7,0,0
9,4,1014,978,248,173,0.90,3,0,0
9,5,842,721,175,136,0.88,4,0,0
9,6,512,1203,227,195,0.87,3,0,0
9,8,433,1026,120,135,0.88,3,0,0
9,9,648,670,142,99,0.87,3,0,0
9,11,1885,430,98,83,0.84,3,0,0
9,12,2099,305,88,64,0.86,3,0,0
9,14,1966,385,89,77,0.84,3,0,0
9,15,2169,263,82,69,0.85,3,0,0
9,17,489,484,96,77,0.63,7,0,0
9,18,1814,480,98,88,0.82,0,0,0
9,19,1523,614,66,81,0.73,7,0,0
9,20,1031,898,102,80,0.76,6,0,0
9,21,1626,909,78,64,0.86,9,0,0
9,22,1592,432,102,70,0.84,3,0,0
9,23,1473,585,56,61,0.85,9,0,0
9,24,1926,374,57,52,0.84,0,0,0
9,26,1450,756,54,66,0.85,9,0,0
9,27,1921,1269,163,138,0.89,7,0,0
9,28,665,496,42,49,0.68,9,0,0
9,29,1373,696,53,63,0.79,9,0,0
9,30,1627,661,63,57,0.84,9,0,0
9,31,1662,495,45,53,0.70,0,0,0
9,32,753,557,58,48,0.72,0,0,0
9,33,2031,347,98,71,0.77,3,0,0
9,34,1157,1145,41,78,0.79,0,0,0
9,35,1752,467,51,54,0.77,9,0,0
9,37,1313,783,54,60,0.75,9,0,0
9,38,1822,722,55,58,0.72,9,0,0
9,40,2127,688,40,58,0.52,9,0,0
9,41,2220,226,78,65,0.86,3,0,0
9,42,2205,586,42,59,0.78,9,0,0
9,43,1018,618,67,52,0.81,9,0,0
9,44,1398,809,65,69,0.81,9,0,0
9,45,211,1361,92,93,0.61,9,0,0
9,46,335,537,141,89,0.79,0,0,0
9,47,2301,855,32,59,0.75,0,0,0
9,48,358,1072,41,78,0.76,0,0,0
9,49,2500,749,33,55,0.75,0,0,0
9,50,1190,696,34,65,0.74,0,0,0
9,51,679,1407,53,84,0.75,0,0,0
9,53,2321,847,35,62,0.75,0,0,0
9,54,455,586,155,103,0.80,3,0,0
9,55,659,971,93,92,0.62,9,0,0
9,56,522,542,51,50,0.80,9,0,0
9,57,1570,1122,59,103,0.48,9,0,0
9,58,1171,693,31,64,0.71,0,0,0
9,59,847,610,61,51,0.64,9,0,0
9,60,1368,1236,79,97,0.56,9,0,0
9,61,1331,528,28,49,0.53,0,0,0
9,62,1368,533,45,57,0.36,9,0,0
9,63,552,466,100,75,0.76,7,0,0
9,64,1594,1050,73,81,0.65,9,0,0
9,65,1934,710,55,61,0.70,9,0,0
9,66,619,823,53,65,0.71,9,0,0
9,67,1992,804,47,65,0.71,9,0,0
9,68,1018,577,27,50,0.69,0,0,0
9,69,2335,458,34,52,0.40,9,0,0
9,70,2537,26,79,71,0.73,5,0,0
9,71,723,994,75,76,0.70,2,0,0
9,72,1988,1199,94,73,0.52,9,0,0
9,75,2615,29,53,43,0.41,3,0,0
9,76,1058,855,56,69,0.58,9,0,0
9,77,2045,287,58,54,0.60,6,0,0
9,78,1475,500,46,55,0.66,9,0,0
9,79,675,546,42,48,0.44,9,0,0
9,80,178,875,98,64,0.59,3,0,0
9,82,2234,933,54,66,0.65,9,0,0
9,83,2235,1024,111,98,0.64,6,0,0
9,84,1562,1065,35,73,0.66,0,0,0
9,85,1823,600,41,60,0.61,9,0,0
9,86,2228,1228,46,83,0.26,0,0,0
9,87,865,592,74,55,0.55,0,0,0
9,88,1778,428,43,50,0.67,0,0,0
9,89,642,1452,58,57,0.68,0,0,0
9,90,559,817,33,60,0.67,0,0,0
10,1,1605,530,85,88,0.88,7,0,0
10,2,1699,504,133,130,0.89,5,0,0
10,3,802,517,96,78,0.93,7,0,0
10,4,1008,982,248,173,0.90,3,0,0
10,5,843,722,174,135,0.86,4,0,0
10,6,496,1213,227,194,0.89,0,0,0
10,8,432,1027,120,135,0.88,3,0,0
10,9,649,671,143,100,0.86,3,0,0
10,11,1885,431,97,83,0.87,3,0,0
10,12,2098,305,89,65,0.85,3,0,0
10,14,1966,385,90,77,0.85,3,0,0
10,15,2168,264,83,68,0.85,3,0,0
10,17,487,487,89,72,0.66,7,0,0
10,18,1814,481,96,87,0.82,3,0,0
10,19,1523,613,69,82,0.74,7,0,0
10,20,1030,895,106,83,0.79,6,0,0
10,21,1619,906,76,64,0.87,9,0,0
10,22,1590,432,104,71,0.84,3,0,0
10,23,1468,585,58,62,0.84,9,0,0
10,24,1922,376,59,53,0.79,6,0,0
10,26,1449,756,55,67,0.83,9,0,0
10,27,1929,1271,169,143,0.90,7,0,0
10,28,665,497,42,49,0.65,9,0,0
10,29,1373,695,53,64,0.80,9,0,0
10,30,1624,662,63,57,0.83,9,0,0
10,31,1658,495,43,52,0.54,9,0,0
10,32,748,556,58,49,0.79,9,0,0
10,33,2030,347,99,71,0.81,3,0,0
10,34,1156,1143,41,78,0.81,0,0,0
10,35,1748,471,51,53,0.82,9,0,0
10,37,1308,783,53,59,0.78,9,0,0
10,38,1831,716,55,59,0.74,9,0,0
10,40,2129,683,38,56,0.52,9,0,0
10,41,2219,226,79,66,0.86,3,0,0
10,42,2209,582,41,59,0.73,9,0,0
10,43,1010,618,66,51,0.72,9,0,0
10,44,1394,808,63,67,0.79,9,0,0
10,45,204,1370,88,89,0.47,9,0,0
10,46,337,539,139,87,0.75,3,0,0
10,47,2300,856,33,60,0.74,0,0,0
10,48,358,1072,41,80,0.75,0,0,0
10,49,2500,747,34,57,0.75,0,0,0
10,50,1188,697,33,66,0.72,0,0,0
10,51,680,1405,54,85,0.75,0,0,0
10,53,2319,847,37,66,0.75,0,0,0
10,54,458,589,146,97,0.69,3,0,0
10,55,661,973,91,90,0.69,9,0,0
10,56,511,537,54,51,0.67,9,0,0
10,57,1568,1121,61,107,0.55,9,0,0
10,58,1169,695,31,65,0.68,0,0,0
10,59,839,605,64,54,0.60,0,0,0
10,60,1375,1242,79,97,0.53,9,0,0
10,61,1332,527,28,52,0.47,0,0,0
10,62,1368,531,47,59,0.35,9,0,0
10,63,552,467,98,74,0.76,7,0,0
10,64,1600,1056,74,82,0.71,9,0,0
10,65,1940,708,54,60,0.72,9,0,0
10,66,621,829,55,68,0.65,0,0,0
10,67,1995,800,47,65,0.68,9,0,0
10,68,1019,577,27,49,0.53,0,0,0
10,69,2338,456,33,50,0.22,9,0,0
10,70,2534,28,78,71,0.74,5,0,0
10,71,724,996,75,75,0.70,0,0,0
10,72,1996,1205,87,67,0.66,9,0,0
10,75,2612,31,53,43,0.43,3,0,0
10,76,1060,857,57,71,0.37,9,0,0
10,77,2042,290,58,55,0.55,6,0,0
10,78,1473,504,45,53,0.43,9,0,0
10,79,671,549,40,45,0.48,9,0,0
10,80,177,875,99,65,0.62,3,0,0
10,82,2233,931,56,69,0.67,9,0,0
10,83,2226,1018,112,99,0.75,6,0,0
10,84,1561,1068,34,71,0.66,0,0,0
10,85,1820,604,42,60,0.61,9,0,0
10,86,2233,1224,46,84,0.25,0,0,0
10,87,859,593,73,54,0.44,0,0,0
10,88,1776,428,45,52,0.69,9,0,0
10,89,643,1451,58,58,0.67,0,0,0
10,90,559,816,33,59,0.69,0,0,0
10,92,1619,1227,112,94,0.64,0,0,0
11,1,1604,528,87,91,0.89,7,0,0
11,2,1699,504,133,130,0.90,5,0,0
11,3,802,518,94,77,0.93,7,0,0
11,4,1002,983,249,175,0.90,3,0,0
11,5,844,723,172,134,0.87,4,0,0
11,6,478,1224,229,196,0.90,3,0,0
11,8,433,1028,119,133,0.89,3,0,0
11,9,650,671,145,101,0.86,3,0,0
11,11,1885,431,97,83,0.86,3,0,0
11,12,2097,305,89,65,0.84,3,0,0
11,14,1966,385,90,77,0.83,3,0,0
11,15,2168,264,83,69,0.83,3,0,0
11,17,482,486,88,72,0.67,7,0,0
11,18,1814,481,96,87,0.81,3,0,0
11,19,1523,612,70,84,0.78,7,0,0
11,20,1034,898,104,82,0.76,6,0,0
11,21,1610,904,75,62,0.86,9,0,0
11,22,1589,432,104,71,0.84,3,0,0
11,23,1465,586,58,63,0.87,9,0,0
11,24,1919,379,59,53,0.83,6,0,0
11,25,184,939,87,54,0.83,9,0,0
11,26,1449,756,55,68,0.82,9,0,0
11,27,1940,1278,165,139,0.83,7,0,0
11,28,665,497,42,50,0.64,9,0,0
11,29,1372,695,54,65,0.81,9,0,0
11,30,1620,662,64,57,0.81,9,0,0
11,31,1654,499,42,50,0.45,9,0,0
11,32,744,555,58,49,0.78,9,0,0
11,33,2030,347,100,72,0.82,3,0,0
11,34,1155,1142,41,78,0.81,0,0,0
11,35,1743,471,52,54,0.82,9,0,0
11,37,1303,779,55,61,0.79,9,0,0
11,38,1838,709,55,60,0.77,9,0,0
11,40,2128,675,41,59,0.70,9,0,0
11,41,2219,226,79,66,0.84,3,0,0
11,42,2212,577,42,60,0.78,9,0,0
11,43,1001,618,65,51,0.75,9,0,0
11,44,1389,808,62,66,0.79,9,0,0
11,45,187,1375,97,97,0.67,9,0,0
11,46,340,541,138,87,0.72,3,0,0
11,47,2298,857,34,60,0.77,0,0,0
11,48,357,1073,42,79,0.75,0,0,0
11,49,2501,747,34,56,0.76,0,0,0
11,50,1186,698,33,66,0.70,0,0,0
11,51,683,1404,53,85,0.76,0,0,0
11,53,2318,848,36,65,0.79,0,0,0
11,54,458,589,154,103,0.76,3,0,0
11,55,662,975,89,88,0.70,9,0,0
11,56,506,536,52,49,0.69,9,0,0
11,57,1566,1125,62,109,0.57,9,0,0
11,58,1167,697,30,63,0.67,0,0,0
11,59,832,602,67,56,0.51,9,0,0
11,60,1380,1243,83,101,0.56,0,0,0
11,61,1332,528,30,52,0.42,0,0,0
11,62,1368,531,47,59,0.38,9,0,0
11,63,550,467,99,75,0.73,7,0,0
11,64,1609,1063,73,81,0.72,9,0,0
11,65,1948,707,51,57,0.75,9,0,0
11,66,622,833,58,71,0.63,9,0,0
11,67,1998,797,46,64,0.73,9,0,0
11,68,1021,577,27,49,0.42,0,0,0
11,70,2533,29,78,71,0.61,5,0,0
11,71,725,995,79,78,0.74,2,0,0
11,72,2001,1207,89,68,0.70,9,0,0
11,75,2609,31,56,45,0.31,3,0,0
11,76,1061,857,58,71,0.42,0,0,0
11,77,2039,292,58,55,0.53,6,0,0
11,78,1470,502,45,56,0.58,9,0,0
11,79,666,549,40,44,0.51,9,0,0
11,80,179,874,94,62,0.61,3,0,0
11,82,2236,934,55,69,0.61,9,0,0
11,83,2217,1011,109,97,0.45,6,0,0
11,84,1561,1070,33,69,0.47,0,0,0
11,85,1818,608,41,58,0.56,9,0,0
11,86,2235,1221,46,84,0.36,0,0,0
11,87,851,594,71,53,0.33,6,0,0
11,88,1773,429,45,53,0.70,9,0,0
11,89,643,1450,61,60,0.72,0,0,0
11,90,558,815,32,58,0.65,0,0,0
11,92,1624,1229,112,94,0.52,6,0,0
11,93,64,1049,137,117,0.61,0,0,0
12,1,1606,533,83,86,0.85,7,0,0
12,2,1698,505,134,130,0.91,5,0,0
12,3,801,518,96,78,0.95,7,0,0
12,4,997,985,251,176,0.90,3,0,0
12,5,845,724,170,132,0.87,4,0,0
12,6,459,1238,234,197,0.90,3,0,0
12,8,432,1028,120,134,0.88,3,0,0
12,9,652,672,146,101,0.87,3,0,0
12,11,1886,432,96,82,0.86,3,0,0
12,12,2097,305,90,66,0.85,3,0,0
12,14,1966,386,89,76,0.84,3,0,0
12,15,2168,265,83,68,0.84,3,0,0
12,17,478,482,96,79,0.87,7,0,0
12,18,1814,481,96,88,0.77,3,0,0
12,19,1522,612,71,85,0.77,7,0,0
12,20,1035,900,104,82,0.78,6,0,0
12,21,1602,901,74,61,0.78,9,0,0
12,22,1588,432,105,72,0.84,3,0,0
12,23,1460,588,60,64,0.87,9,0,0
12,24,1915,382,60,53,0.91,6,0,0
12,25,184,938,87,55,0.80,9,0,0
12,26,1449,756,55,68,0.80,9,0,0
12,27,1949,1284,165,138,0.76,7,0,0
12,28,665,500,42,50,0.58,9,0,0
12,29,1372,695,54,65,0.81,9,0,0
12,30,1617,663,65,57,0.79,9,0,0
12,32,739,553,61,51,0.74,9,0,0
12,33,2028,346,104,74,0.83,3,0,0
12,34,1154,1142,40,75,0.79,0,0,0
12,35,1738,473,53,55,0.79,0,0,0
12,37,1298,775,55,63,0.78,9,0,0
12,38,1846,706,54,59,0.80,9,0,0
12,40,2130,669,41,60,0.72,9,0,0
12,41,2219,226,79,67,0.85,3,0,0
12,42,2215,572,42,60,0.76,9,0,0
12,43,990,615,68,54,0.79,9,0,0
12,44,1386,809,58,62,0.80,9,0,0
12,45,176,1387,93,94,0.70,9,0,0
12,46,342,542,139,87,0.72,3,0,0
12,47,2297,858,34,61,0.76,0,0,0
12,48,357,1074,41,78,0.75,0,0,0
12,49,2501,747,34,56,0.76,0,0,0
12,50,1185,699,33,66,0.62,0,0,0
12,51,684,1403,53,86,0.76,0,0,0
12,53,2318,851,36,64,0.81,0,0,0
12,54,461,591,152,102,0.76,3,0,0
12,55,658,972,93,93,0.59,9,0,0
12,56,498,534,53,51,0.66,9,0,0
12,57,1566,1126,63,110,0.58,9,0,0
12,58,1165,698,31,65,0.62,0,0,0
12,59,826,603,64,54,0.51,9,0,0
12,60,1387,1249,82,99,0.64,9,0,0
12,61,1333,529,29,52,0.43,0,0,0
12,62,1369,530,46,57,0.42,9,0,0
12,63,552,468,98,75,0.77,7,0,0
12,64,1617,1070,73,80,0.75,9,0,0
12,65,1953,705,51,57,0.76,9,0,0
12,66,624,838,57,71,0.64,9,0,0
12,67,2000,794,47,64,0.78,9,0,0
12,68,1021,576,30,55,0.48,0,0,0
12,70,2530,30,79,71,0.70,5,0,0
12,71,726,995,84,82,0.75,2,0,0
12,72,2009,1208,88,67,0.72,9,0,0
12,75,2608,34,53,43,0.46,3,0,0
12,76,1062,854,61,73,0.61,9,0,0
12,77,2037,291,60,57,0.56,6,0,0
12,78,1468,502,46,57,0.56,9,0,0
12,79,660,547,41,45,0.53,9,0,0
12,80,180,875,92,61,0.61,3,0,0
12,82,2237,934,55,69,0.53,9,0,0
12,83,2209,1004,110,97,0.37,6,0,0
12,84,1562,1073,32,68,0.37,0,0,0
12,85,1817,611,41,60,0.51,9,0,0
12,86,2239,1219,44,81,0.38,0,0,0
12,87,845,590,76,56,0.46,6,0,0
12,88,1772,431,44,53,0.72,9,0,0
12,89,645,1448,63,63,0.70,0,0,0
12,90,557,815,33,58,0.54,0,0,0
12,92,1629,1230,111,93,0.40,6,0,0
12,93,65,1051,135,115,0.47,0,0,0
13,1,1608,540,77,80,0.87,7,0,0
13,2,1698,504,135,131,0.90,5,0,0
13,3,800,518,98,80,0.94,7,0,0
13,4,991,986,252,179,0.89,3,0,0
13,5,845,724,170,133,0.88,4,0,0
13,6,440,1250,236,198,0.88,3,0,0
13,8,433,1029,119,134,0.88,3,0,0
13,9,653,673,146,102,0.86,3,0,0
13,11,1886,432,95,83,0.84,3,0,0
13,12,2098,306,87,64,0.84,3,0,0
13,14,1966,387,89,76,0.81,3,0,0
13,15,2168,265,82,69,0.84,3,0,0
13,17,474,483,97,80,0.65,7,0,0
13,18,1814,481,96,88,0.81,3,0,0
13,19,1521,611,72,87,0.82,7,0,0
13,20,1038,902,103,82,0.74,6,0,0
13,21,1593,898,74,61,0.73,9,0,0
13,22,1587,432,105,72,0.85,3,0,0
13,23,1457,591,60,65,0.89,9,0,0
13,24,1913,385,59,53,0.91,6,0,0
13,25,183,938,88,55,0.80,9,0,0
13,26,1448,756,55,69,0.79,9,0,0
13,27,1958,1287,166,139,0.88,7,0,0
13,28,665,503,40,48,0.57,9,0,0
13,29,1372,696,54,65,0.80,9,0,0
13,30,1615,665,63,56,0.80,9,0,0
13,32,735,552,61,51,0.73,9,0,0
13,33,2027,346,104,75,0.82,3,0,0
13,34,1152,1141,40,75,0.78,0,0,0
13,35,1734,475,53,56,0.80,9,0,0
13,37,1293,772,56,63,0.79,9,0,0
13,38,1854,703,54,60,0.76,9,0,0
13,40,2133,665,39,58,0.61,9,0,0
13,41,2219,226,81,68,0.83,3,0,0
13,42,2219,567,41,59,0.73,9,0,0
13,43,982,618,67,52,0.80,9,0,0
13,44,1379,801,62,67,0.83,9,0,0
13,45,167,1398,88,89,0.67,9,0,0
13,46,343,543,138,87,0.64,3,0,0
13,47,2295,859,34,61,0.75,0,0,0
13,48,357,1074,41,78,0.73,0,0,0
13,49,2501,745,35,58,0.75,0,0,0
13,50,1183,702,33,67,0.66,0,0,0
13,51,686,1402,52,86,0.75,0,0,0
13,53,2318,852,36,65,0.80,0,0,0
13,54,463,593,153,103,0.74,3,0,0
13,55,658,972,95,94,0.55,9,0,0
13,56,489,528,54,53,0.62,9,0,0
13,57,1567,1131,61,108,0.65,9,0,0
13,58,1162,699,32,65,0.62,0,0,0
13,59,821,604,62,51,0.71,9,0,0
13,60,1393,1253,82,97,0.72,9,0,0
13,61,1333,528,30,53,0.51,0,0,0
13,62,1371,529,44,55,0.31,9,0,0
13,63,553,470,94,72,0.80,7,0,0
13,64,1622,1074,77,85,0.74,9,0,0
13,65,1959,703,50,57,0.73,9,0,0
13,66,626,844,59,74,0.73,9,0,0
13,67,2002,791,47,64,0.78,9,0,0
13,68,1022,575,31,57,0.67,0,0,0
13,70,2527,30,80,73,0.65,5,0,0
13,71,727,994,86,84,0.71,2,0,0
13,72,2015,1211,89,67,0.76,9,0,0
13,75,2606,35,53,43,0.54,3,0,0
13,76,1064,857,62,74,0.67,9,0,0
13,77,2037,295,56,53,0.59,6,0,0
13,78,1467,502,47,57,0.53,9,0,0
13,79,656,545,43,47,0.64,9,0,0
13,80,179,875,93,61,0.61,3,0,0
13,82,2239,936,52,66,0.69,9,0,0
13,83,2202,998,106,94,0.49,6,0,0
13,84,1563,1077,33,67,0.63,0,0,0
13,85,1813,614,43,63,0.23,9,0,0
13,86,2237,1217,45,80,0.56,0,0,0
13,87,850,594,68,50,0.36,6,0,0
13,88,1768,433,45,54,0.53,9,0,0
13,89,648,1447,63,64,0.68,0,0,0
13,90,555,814,32,58,0.59,0,0,0
13,92,1632,1231,114,97,0.57,6,0,0
13,93,61,1048,141,120,0.23,0,0,0
14,1,1608,541,77,79,0.86,7,0,0
14,2,1698,504,136,132,0.91,5,0,0
14,3,801,518,97,79,0.94,7,0,0
14,4,983,989,252,178,0.89,3,0,0
14,5,844,724,171,133,0.89,4,0,0
14,6,420,1264,238,198,0.88,3,0,0
14,8,431,1029,120,135,0.88,3,0,0
14,9,654,673,147,103,0.87,3,0,0
14,11,1886,432,95,83,0.85,3,0,0
14,12,2097,306,88,64,0.84,3,0,0
14,14,1966,386,89,77,0.81,3,0,0
14,15,2167,265,83,69,0.84,3,0,0
14,17,471,482,95,80,0.87,7,0,0
14,18,1814,482,96,87,0.83,3,0,0
14,19,1521,611,72,85,0.83,7,0,0
14,20,1042,905,99,78,0.76,6,0,0
14,21,1586,896,72,59,0.66,9,0,0
14,22,1586,433,105,72,0.84,3,0,0
14,23,1454,593,60,65,0.86,9,0,0
14,24,1910,387,58,52,0.89,6,0,0
14,25,182,938,88,55,0.79,9,0,0
14,26,1448,757,55,68,0.79,9,0,0
14,27,1969,1290,166,139,0.81,7,0,0
14,28,665,509,39,46,0.60,9,0,0
14,29,1372,697,54,65,0.81,9,0,0
14,30,1612,665,64,56,0.82,9,0,0
14,32,731,552,60,50,0.73,9,0,0
14,33,2027,346,104,74,0.82,3,0,0
14,34,1151,1141,39,73,0.79,0,0,0
14,35,1730,478,53,55,0.77,9,0,0
14,37,1290,770,55,62,0.76,9,0,0
14,38,1864,702,51,56,0.77,9,0,0
14,40,2136,660,39,58,0.65,9,0,0
14,41,2219,226,80,68,0.85,3,0,0
14,42,2220,562,43,60,0.75,9,0,0
14,43,974,619,66,51,0.78,9,0,0
14,44,1373,797,63,67,0.79,9,0,0
14,45,154,1408,88,87,0.62,0,0,0
14,46,345,544,137,86,0.71,3,0,0
14,47,2294,859,34,61,0.75,0,0,0
14,48,356,1075,41,76,0.75,0,0,0
14,49,2502,744,34,57,0.74,0,0,0
14,50,1182,703,32,66,0.66,0,0,0
14,51,687,1402,51,84,0.75,0,0,0
14,53,2318,854,36,66,0.79,0,0,0
14,54,465,595,153,103,0.79,3,0,0
14,55,658,972,93,94,0.61,9,0,0
14,56,482,527,54,53,0.72,9,0,0
14,57,1565,1131,64,112,0.67,9,0,0
14,58,1160,700,31,64,0.62,0,0,0
14,59,815,602,61,52,0.55,9,0,0
14,60,1398,1256,85,101,0.74,9,0,0
14,61,1334,529,30,53,0.53,0,0,0
14,62,1371,529,44,55,0.20,9,0,0
14,63,554,470,93,72,0.79,7,0,0
14,64,1629,1079,77,84,0.79,9,0,0
14,65,1965,702,48,55,0.72,9,0,0
14,66,627,850,59,74,0.71,9,0,0
14,67,2004,787,48,65,0.84,9,0,0
14,68,1023,576,30,54,0.56,0,0,0
14,70,2524,30,82,75,0.74,5,0,0
14,71,725,994,89,86,0.71,2,0,0
14,72,2022,1216,86,65,0.74,9,0,0
14,75,2604,36,52,42,0.64,3,0,0
14,76,1067,862,60,72,0.65,9,0,0
14,77,2035,296,57,53,0.56,6,0,0
14,78,1467,503,46,57,0.74,9,0,0
14,79,650,543,43,47,0.62,9,0,0
14,80,179,875,92,61,0.65,3,0,0
14,82,2240,937,54,68,0.60,9,0,0
14,83,2193,990,107,95,0.67,6,0,0
14,84,1564,1081,33,66,0.52,0,0,0
14,85,1813,618,43,63,0.55,9,0,0
14,86,2237,1215,44,79,0.59,0,0,0
14,87,844,593,67,49,0.35,6,0,0
14,88,1766,434,47,56,0.18,9,0,0
14,89,652,1446,64,65,0.66,0,0,0
14,90,552,814,33,58,0.59,0,0,0
14,92,1638,1233,116,98,0.17,6,0,0
14,93,60,1048,143,121,0.30,6,0,0
14,94,1429,507,29,53,0.54,0,0,0
15,1,1607,539,79,81,0.89,7,0,0
15,2,1698,505,136,131,0.90,5,0,0
15,3,800,518,97,79,0.93,7,0,0
15,4,974,990,252,179,0.90,3,0,0
15,5,844,725,171,133,0.89,4,0,0
15,6,399,1276,244,202,0.88,3,0,0
15,8,431,1029,120,135,0.88,3,0,0
15,9,655,675,145,101,0.87,3,0,0
15,11,1885,433,96,83,0.85,3,0,0
15,12,2097,307,87,64,0.85,3,0,0
15,14,1965,386,89,77,0.80,3,0,0
15,15,2167,266,83,68,0.85,3,0,0
15,17,466,482,93,78,0.74,7,0,0
15,18,1814,481,96,89,0.81,3,0,0
15,19,1521,611,72,86,0.83,7,0,0
15,20,1045,907,98,78,0.79,6,0,0
15,21,1578,890,73,62,0.81,9,0,0
15,22,1586,433,105,72,0.83,3,0,0
15,23,1451,595,60,64,0.85,9,0,0
15,24,1907,389,58,53,0.89,0,0,0
15,25,182,938,88,55,0.77,9,0,0
15,26,1448,757,55,69,0.80,9,0,0
15,27,1978,1296,165,137,0.84,7,0,0
15,28,664,509,40,46,0.64,9,0,0
15,29,1373,699,53,64,0.80,9,0,0
15,30,1611,666,63,55,0.82,0,0,0
15,32,726,551,59,50,0.78,9,0,0
15,33,2026,345,106,76,0.82,3,0,0
15,34,1149,1140,40,74,0.77,0,0,0
15,35,1725,480,53,56,0.69,9,0,0
15,37,1286,767,55,62,0.79,9,0,0
15,38,1871,696,52,58,0.78,9,0,0
15,40,2138,652,40,60,0.66,9,0,0
15,41,2219,226,80,67,0.84,3,0,0
15,42,2222,558,44,61,0.77,9,0,0
15,43,964,617,65,51,0.77,9,0,0
15,44,1370,797,60,65,0.76,9,0,0
15,45,140,1417,86,85,0.61,9,0,0
15,46,347,546,136,85,0.79,3,0,0
15,47,2293,860,34,61,0.73,0,0,0
15,48,356,1075,41,78,0.74,0,0,0
15,49,2501,743,36,58,0.74,0,0,0
15,50,1180,704,32,65,0.53,0,0,0
15,51,688,1402,50,84,0.75,0,0,0
15,53,2318,855,36,66,0.77,0,0,0
15,54,465,595,154,104,0.81,3,0,0
15,55,658,973,91,92,0.59,9,0,0
15,56,475,527,53,52,0.73,9,0,0
15,57,1565,1136,64,113,0.59,9,0,0
15,58,1157,700,32,65,0.69,0,0,0
15,59,809,603,59,50,0.54,9,0,0
15,60,1404,1258,87,104,0.55,9,0,0
15,61,1335,529,29,52,0.48,0,0,0
15,62,1374,528,41,51,0.37,9,0,0
15,63,555,471,91,70,0.76,7,0,0
15,64,1636,1085,77,83,0.79,9,0,0
15,65,1970,697,49,58,0.70,9,0,0
15,66,627,855,60,76,0.68,9,0,0
15,67,2008,784,47,64,0.79,9,0,0
15,68,1024,576,30,54,0.38,0,0,0
15,70,2520,33,81,74,0.68,5,0,0
15,71,725,993,88,86,0.70,2,0,0
15,72,2027,1221,83,61,0.79,9,0,0
15,75,2603,37,52,42,0.57,3,0,0
15,76,1069,865,59,68,0.63,9,0,0
15,77,2032,295,59,55,0.59,6,0,0
15,78,1466,504,45,56,0.68,9,0,0
15,79,647,544,44,47,0.56,9,0,0
15,80,179,877,92,60,0.65,3,0,0
15,82,2243,938,55,70,0.49,9,0,0
15,83,2184,980,110,98,0.76,0,0,0
15,84,1564,1082,33,67,0.59,0,0,0
15,85,1813,625,41,60,0.49,9,0,0
15,86,2237,1213,44,80,0.50,0,0,0
15,87,845,594,63,47,0.43,6,0,0
15,88,1764,440,44,52,0.57,9,0,0
15,89,654,1445,64,67,0.69,0,0,0
15,90,550,814,33,57,0.57,0,0,0
15,92,1644,1240,113,95,0.57,6,0,0
15,93,59,1047,143,122,0.29,6,0,0
15,94,1427,509,29,54,0.65,0,0,0
15,95,636,775,52,57,0.64,0,0,0
1,1,1122,873,184,118,1.00,3,0,0
2,1,1122,873,184,118,1.00,3,0,0
3,1,1122,873,184,118,1.00,3,0,0
4,1,1122,873,184,118,1.00,3,0,0
5,1,1122,873,184,118,1.00,3,0,0
6,1,1122,873,184,118,1.00,3,0,0
7,1,1122,873,184,118,1.00,3,0,0
8,1,1122,873,184,118,1.00,3,0,0
9,1,1122,873,184,118,1.00,3,0,0
10,1,1122,873,184,118,1.00,3,0,0
11,1,1122,873,184,118,1.00,3,0,0
12,1,1122,873,184,118,1.00,3,0,0
13,1,1122,873,184,118,1.00,3,0,0
14,1,1122,873,184,118,1.00,3,0,0
15,1,1122,873,184,118,1.00,3,0,0
1,2,993,728,173,112,1.00,3,0,0
2,2,993,728,173,112,1.00,3,0,0
3,2,993,728,173,112,1.00,3,0,0
4,2,993,728,173,112,1.00,3,0,0
5,2,993,728,173,112,1.00,3,0,0
6,2,993,728,173,112,1.00,3,0,0
7,2,993,728,173,112,1.00,3,0,0
8,2,993,728,173,112,1.00,3,0,0
9,2,993,728,173,112,1.00,3,0,0
10,2,993,728,173,112,1.00,3,0,0
11,2,993,728,173,112,1.00,3,0,0
12,2,993,728,173,112,1.00,3,0,0
13,2,993,728,173,112,1.00,3,0,0
14,2,993,728,173,112,1.00,3,0,0
15,2,993,728,173,112,1.00,3,0,0
