1,1,386,235,127,290,0.96,1,0,0
1,2,746,246,130,264,0.95,1,0,0
1,3,648,271,121,236,0.94,1,0,0
1,4,542,266,121,258,0.94,1,0,0
1,5,927,215,244,505,0.93,1,0,0
1,6,168,221,181,476,0.93,1,0,0
1,7,311,334,93,239,0.91,1,0,0
1,8,579,206,111,255,0.90,1,0,0
1,9,129,199,140,319,0.90,1,0,0
1,10,541,170,42,113,0.88,1,0,0
1,11,248,210,118,321,0.86,1,0,0
1,12,576,152,39,128,0.81,1,0,0
1,13,601,160,47,123,0.79,1,0,0
1,14,695,160,58,164,0.75,1,0,0
1,15,298,174,55,157,0.67,1,0,0
2,1,389,236,127,289,0.95,1,0,0
2,2,746,246,130,264,0.95,1,0,0
2,3,648,272,120,234,0.94,1,0,0
2,4,543,265,121,259,0.94,1,0,0
2,5,927,215,245,505,0.93,1,0,0
2,6,166,223,180,473,0.92,1,0,0
2,7,314,334,93,239,0.90,1,0,0
2,8,580,207,110,254,0.90,1,0,0
2,9,133,199,140,319,0.89,1,0,0
2,10,541,170,42,113,0.88,1,0,0
2,11,249,211,117,320,0.86,1,0,0
2,12,576,152,39,129,0.81,1,0,0
2,13,601,160,45,120,0.78,1,0,0
2,14,695,161,57,162,0.80,1,0,0
2,15,300,174,54,156,0.66,1,0,0
3,1,392,236,127,288,0.95,1,0,0
3,2,746,246,130,265,0.95,1,0,0
3,3,647,272,120,234,0.93,1,0,0
3,4,543,266,121,258,0.94,1,0,0
3,5,927,216,245,504,0.93,1,0,0
3,6,165,224,179,473,0.90,1,0,0
3,7,317,334,93,239,0.91,1,0,0
3,8,579,208,110,252,0.89,1,0,0
3,9,135,199,141,322,0.89,1,0,0
3,10,541,170,42,113,0.88,1,0,0
3,11,251,212,119,327,0.86,1,0,0
3,12,576,152,39,130,0.81,1,0,0
3,13,600,161,45,118,0.79,1,0,0
3,14,694,162,57,160,0.82,1,0,0
3,15,300,174,55,157,0.56,1,0,0
3,16,1178,243,102,477,0.61,1,0,0
4,1,397,236,126,288,0.95,1,0,0
4,2,746,246,130,265,0.95,1,0,0
4,3,644,272,120,235,0.93,1,0,0
4,4,544,265,121,259,0.94,1,0,0
4,5,929,216,243,504,0.93,1,0,0
4,6,155,225,179,471,0.92,1,0,0
4,7,321,334,92,237,0.91,1,0,0
4,8,579,208,110,252,0.89,1,0,0
4,9,139,198,141,323,0.89,1,0,0
4,10,541,170,42,113,0.88,1,0,0
4,11,254,211,119,324,0.88,1,0,0
4,12,576,152,39,129,0.81,1,0,0
4,13,600,161,45,117,0.79,1,0,0
4,14,694,163,56,160,0.83,1,0,0
4,15,301,174,54,158,0.62,1,0,0
4,16,1175,248,105,472,0.60,1,0,0
5,1,401,235,125,287,0.95,1,0,0
5,2,746,246,131,265,0.95,1,0,0
5,3,645,272,121,235,0.93,1,0,0
5,4,544,266,121,258,0.94,1,0,0
5,5,931,216,240,504,0.93,1,0,0
5,6,155,227,179,470,0.90,1,0,0
5,7,323,334,92,236,0.91,1,0,0
5,8,580,208,110,252,0.89,1,0,0
5,9,144,197,140,320,0.85,1,0,0
5,10,542,170,41,113,0.87,1,0,0
5,11,259,211,116,319,0.88,1,0,0
5,12,577,152,39,130,0.81,1,0,0
5,13,602,161,45,120,0.79,1,0,0
5,14,692,163,57,159,0.82,1,0,0
5,15,301,174,55,158,0.62,1,0,0
5,16,1174,249,106,471,0.60,1,0,0
6,1,404,235,125,285,0.95,1,0,0
6,2,747,246,130,265,0.95,1,0,0
6,3,646,272,121,235,0.93,1,0,0
6,4,545,266,121,258,0.94,1,0,0
6,5,933,218,238,502,0.94,1,0,0
6,6,157,230,179,467,0.92,1,0,0
6,7,326,334,92,236,0.92,1,0,0
6,8,581,208,109,252,0.90,1,0,0
6,9,146,196,145,333,0.82,1,0,0
6,10,542,170,41,113,0.87,1,0,0
6,11,263,213,114,314,0.89,1,0,0
6,12,577,152,39,129,0.82,1,0,0
6,13,603,161,46,122,0.83,1,0,0
6,14,690,161,56,156,0.75,1,0,0
6,15,301,174,55,158,0.59,1,0,0
6,16,1168,253,112,467,0.66,1,0,0
7,1,408,233,124,286,0.96,1,0,0
7,2,747,245,131,266,0.95,1,0,0
7,3,647,272,121,235,0.94,1,0,0
7,4,546,266,120,257,0.94,1,0,0
7,5,934,218,237,502,0.94,1,0,0
7,6,161,231,176,458,0.92,1,0,0
7,7,328,334,91,234,0.92,1,0,0
7,8,582,208,109,252,0.90,1,0,0
7,9,153,195,142,330,0.82,1,0,0
7,10,541,170,42,113,0.87,1,0,0
7,11,267,217,111,309,0.88,1,0,0
7,12,578,151,38,130,0.82,1,0,0
7,13,602,161,47,121,0.83,1,0,0
7,14,689,160,55,155,0.77,1,0,0
7,15,298,174,59,169,0.62,1,0,0
7,16,1174,254,106,466,0.58,1,0,0
7,17,739,157,56,162,0.65,1,0,0
8,1,411,231,124,285,0.95,1,0,0
8,2,747,245,131,265,0.94,1,0,0
8,3,650,272,119,235,0.94,1,0,0
8,4,546,266,121,257,0.94,1,0,0
8,5,935,217,235,503,0.94,1,0,0
8,6,164,230,175,453,0.93,1,0,0
8,7,331,333,90,234,0.92,1,0,0
8,8,583,208,108,251,0.90,1,0,0
8,9,160,194,139,327,0.80,1,0,0
8,10,542,170,41,113,0.87,1,0,0
8,11,269,216,111,309,0.88,1,0,0
8,12,578,151,39,131,0.83,1,0,0
8,13,602,161,47,121,0.82,1,0,0
8,14,688,158,57,161,0.81,1,0,0
8,15,298,174,60,171,0.67,1,0,0
8,16,1178,247,102,473,0.58,1,0,0
8,17,738,157,56,163,0.70,1,0,0
9,1,415,231,122,280,0.95,1,0,0
9,2,748,244,131,266,0.95,1,0,0
9,3,651,271,119,236,0.94,1,0,0
9,4,545,266,122,257,0.94,1,0,0
9,5,936,217,235,503,0.94,1,0,0
9,6,167,229,172,450,0.92,1,0,0
9,7,333,332,91,233,0.92,1,0,0
9,8,583,207,108,251,0.90,1,0,0
9,9,164,193,137,324,0.81,1,0,0
9,10,541,170,41,113,0.87,1,0,0
9,11,269,213,111,311,0.88,1,0,0
9,12,578,151,38,130,0.81,1,0,0
9,13,602,161,45,117,0.79,1,0,0
9,14,687,157,58,162,0.79,1,0,0
9,15,299,174,57,166,0.60,1,0,0
9,16,1178,245,102,475,0.55,1,0,0
9,17,738,156,56,164,0.64,1,0,0
9,18,0,293,30,205,0.66,1,0,0
10,1,419,231,120,276,0.95,1,0,0
10,2,748,244,131,266,0.95,1,0,0
10,3,652,271,117,235,0.94,1,0,0
10,4,546,265,121,257,0.94,1,0,0
10,5,937,217,234,503,0.93,1,0,0
10,6,170,228,170,444,0.94,1,0,0
10,7,337,329,89,229,0.93,1,0,0
10,8,584,207,107,251,0.90,1,0,0
10,9,168,192,139,334,0.82,1,0,0
10,10,541,170,41,113,0.87,1,0,0
10,11,270,212,111,313,0.88,1,0,0
10,12,578,151,39,131,0.81,1,0,0
10,13,601,161,45,117,0.82,1,0,0
10,14,678,156,60,162,0.76,1,0,0
10,15,299,174,57,166,0.63,1,0,0
10,16,1183,243,97,477,0.53,1,0,0
10,17,738,155,56,164,0.68,1,0,0
10,18,0,295,32,202,0.74,1,0,0
11,1,422,230,120,274,0.95,1,0,0
11,2,748,243,132,266,0.95,1,0,0
11,3,652,271,116,235,0.94,1,0,0
11,4,546,266,121,256,0.94,1,0,0
11,5,937,216,234,504,0.94,1,0,0
11,6,174,228,166,436,0.95,1,0,0
11,7,341,327,88,227,0.92,1,0,0
11,8,584,206,108,252,0.91,1,0,0
11,9,171,192,137,335,0.85,1,0,0
11,10,541,170,41,113,0.87,1,0,0
11,11,270,211,112,317,0.88,1,0,0
11,12,578,151,39,131,0.81,1,0,0
11,13,601,161,45,116,0.82,1,0,0
11,14,676,155,60,160,0.76,1,0,0
11,15,301,174,55,160,0.64,1,0,0
11,16,1180,241,100,479,0.46,1,0,0
11,17,738,155,56,161,0.69,1,0,0
11,18,0,291,35,205,0.77,1,0,0
12,1,424,229,120,274,0.95,1,0,0
12,2,749,243,132,266,0.95,1,0,0
12,3,653,270,115,235,0.94,1,0,0
12,4,546,265,122,256,0.94,1,0,0
12,5,936,216,235,504,0.94,1,0,0
12,6,178,226,163,428,0.94,1,0,0
12,7,345,326,88,225,0.92,1,0,0
12,8,585,204,107,254,0.90,1,0,0
12,9,178,193,134,334,0.86,1,0,0
12,10,542,169,40,113,0.88,1,0,0
12,11,271,209,112,319,0.88,1,0,0
12,12,578,151,39,132,0.82,1,0,0
12,13,600,161,46,117,0.81,1,0,0
12,14,678,153,60,161,0.80,1,0,0
12,15,302,174,55,161,0.67,1,0,0
12,16,1172,245,108,475,0.50,1,0,0
12,17,738,155,56,160,0.70,1,0,0
12,18,0,288,37,208,0.79,1,0,0
12,19,617,182,41,106,0.63,1,0,0
13,1,426,229,120,273,0.95,1,0,0
13,2,749,242,132,266,0.95,1,0,0
13,3,654,269,113,235,0.94,1,0,0
13,4,546,265,122,256,0.94,1,0,0
13,5,936,216,236,504,0.93,1,0,0
13,6,180,223,161,424,0.94,1,0,0
13,7,349,325,88,225,0.92,1,0,0
13,8,585,203,107,254,0.90,1,0,0
13,9,183,195,131,327,0.86,1,0,0
13,10,542,169,41,113,0.88,1,0,0
13,11,272,206,113,321,0.89,1,0,0
13,12,578,150,39,132,0.82,1,0,0
13,13,600,160,46,120,0.81,1,0,0
13,14,677,152,60,163,0.81,1,0,0
13,15,302,174,56,163,0.61,1,0,0
13,16,1171,252,109,468,0.50,1,0,0
13,17,738,155,54,155,0.78,1,0,0
13,18,0,289,38,207,0.80,1,0,0
13,19,617,182,41,107,0.53,1,0,0
14,1,427,229,121,273,0.95,1,0,0
14,2,750,241,131,267,0.95,1,0,0
14,3,654,267,113,238,0.93,1,0,0
14,4,547,264,122,256,0.94,1,0,0
14,5,936,215,236,505,0.93,1,0,0
14,6,180,222,160,421,0.94,1,0,0
14,7,352,325,88,224,0.92,1,0,0
14,8,586,202,107,254,0.89,1,0,0
14,9,189,196,127,322,0.84,1,0,0
14,10,542,169,40,113,0.87,1,0,0
14,11,273,204,113,323,0.89,1,0,0
14,12,579,149,38,131,0.82,1,0,0
14,13,600,160,47,119,0.81,1,0,0
14,14,674,151,61,164,0.79,1,0,0
14,15,302,173,56,166,0.59,1,0,0
14,16,1170,259,110,461,0.47,1,0,0
14,17,738,153,55,157,0.68,1,0,0
14,18,0,289,40,206,0.81,1,0,0
14,19,614,180,42,109,0.55,1,0,0
15,1,428,229,121,273,0.94,1,0,0
15,2,750,240,131,267,0.95,1,0,0
15,3,655,265,112,239,0.94,1,0,0
15,4,547,264,122,256,0.93,1,0,0
15,5,936,214,236,506,0.93,1,0,0
15,6,179,221,159,419,0.94,1,0,0
15,7,355,324,89,224,0.91,1,0,0
15,8,587,201,106,254,0.90,1,0,0
15,9,193,197,123,316,0.83,1,0,0
15,10,541,168,41,113,0.89,1,0,0
15,11,274,201,113,326,0.88,1,0,0
15,12,579,149,38,130,0.81,1,0,0
15,13,600,159,47,120,0.82,1,0,0
15,14,674,150,61,164,0.81,1,0,0
15,15,303,172,55,164,0.59,1,0,0
15,16,1169,262,111,458,0.46,1,0,0
15,17,739,152,54,153,0.73,1,0,0
15,18,0,287,42,207,0.82,1,0,0
15,19,617,179,39,101,0.21,1,0,0
16,1,430,229,121,272,0.95,1,0,0
16,2,750,239,131,267,0.95,1,0,0
16,3,656,265,111,239,0.94,1,0,0
16,4,547,264,122,256,0.93,1,0,0
16,5,936,213,237,507,0.93,1,0,0
16,6,178,221,157,418,0.93,1,0,0
16,7,359,323,89,224,0.91,1,0,0
16,8,588,201,105,253,0.90,1,0,0
16,9,199,195,123,318,0.77,1,0,0
16,10,540,167,42,114,0.89,1,0,0
16,11,273,200,114,326,0.88,1,0,0
16,12,579,148,38,130,0.81,1,0,0
16,13,599,158,47,119,0.81,1,0,0
16,14,675,151,61,161,0.84,1,0,0
16,15,303,172,55,165,0.67,1,0,0
16,16,1172,267,108,453,0.43,1,0,0
16,17,740,152,53,149,0.67,1,0,0
16,18,0,286,43,207,0.83,1,0,0
16,19,618,178,40,102,0.48,1,0,0
17,1,431,229,122,272,0.95,1,0,0
17,2,750,239,131,266,0.95,1,0,0
17,3,656,265,111,239,0.94,1,0,0
17,4,548,263,122,256,0.93,1,0,0
17,5,935,212,238,508,0.93,1,0,0
17,6,175,221,158,418,0.94,1,0,0
17,7,362,322,89,224,0.91,1,0,0
17,8,588,200,105,253,0.91,1,0,0
17,9,211,198,116,302,0.71,1,0,0
17,10,540,166,41,114,0.90,1,0,0
17,11,274,200,114,324,0.89,1,0,0
17,12,579,147,38,131,0.80,1,0,0
17,13,599,157,48,121,0.81,1,0,0
17,14,673,149,61,161,0.85,1,0,0
17,15,303,171,56,168,0.65,1,0,0
17,16,1172,271,108,449,0.45,1,0,0
17,17,741,151,53,150,0.66,1,0,0
17,18,0,285,44,207,0.82,1,0,0
17,19,620,178,39,103,0.30,1,0,0
18,1,432,228,121,271,0.95,1,0,0
18,2,751,238,131,266,0.96,1,0,0
18,3,657,264,110,239,0.94,1,0,0
18,4,548,263,122,255,0.93,1,0,0
18,5,936,210,238,510,0.93,1,0,0
18,6,172,221,159,419,0.93,1,0,0
18,7,363,321,89,225,0.91,1,0,0
18,8,589,200,104,253,0.91,1,0,0
18,9,228,198,110,293,0.66,1,0,0
18,10,539,165,42,115,0.90,1,0,0
18,11,277,204,113,318,0.91,1,0,0
18,12,580,145,38,134,0.80,1,0,0
18,13,598,155,51,128,0.83,1,0,0
18,14,671,148,61,161,0.86,1,0,0
18,15,305,171,56,168,0.73,1,0,0
18,16,1169,272,111,448,0.51,1,0,0
18,17,740,150,55,154,0.60,1,0,0
18,18,0,284,45,207,0.85,1,0,0
19,1,432,227,122,272,0.95,1,0,0
19,2,751,237,131,267,0.95,1,0,0
19,3,657,263,110,240,0.94,1,0,0
19,4,548,262,123,256,0.94,1,0,0
19,5,936,209,237,511,0.93,1,0,0
19,6,169,221,160,418,0.93,1,0,0
19,7,365,321,87,222,0.91,1,0,0
19,8,589,200,104,252,0.92,1,0,0
19,9,237,198,109,292,0.69,1,0,0
19,10,539,164,42,114,0.90,1,0,0
19,11,280,206,111,313,0.91,1,0,0
19,12,580,144,39,134,0.81,1,0,0
19,13,598,154,52,132,0.85,1,0,0
19,14,669,148,60,158,0.84,1,0,0
19,15,301,170,60,180,0.72,1,0,0
19,16,1167,274,113,446,0.54,1,0,0
19,17,740,149,55,157,0.57,1,0,0
19,18,0,284,47,207,0.85,1,0,0
20,1,432,226,122,272,0.95,1,0,0
20,2,751,236,131,267,0.95,1,0,0
20,3,658,262,109,240,0.94,1,0,0
20,4,549,261,123,255,0.94,1,0,0
20,5,937,208,237,512,0.93,1,0,0
20,6,165,221,162,418,0.94,1,0,0
20,7,367,320,85,220,0.91,1,0,0
20,8,589,198,104,253,0.91,1,0,0
20,9,243,197,104,285,0.75,1,0,0
20,10,538,163,43,115,0.90,1,0,0
20,11,282,205,112,312,0.91,1,0,0
20,12,580,144,39,133,0.80,1,0,0
20,13,597,153,54,136,0.85,1,0,0
20,14,667,148,60,157,0.84,1,0,0
20,15,300,169,61,182,0.68,1,0,0
20,16,1166,276,114,444,0.52,1,0,0
20,17,740,149,55,153,0.61,1,0,0
20,18,0,282,48,207,0.84,1,0,0
21,1,432,225,122,271,0.95,1,0,0
21,2,751,235,131,267,0.95,1,0,0
21,3,658,260,109,241,0.94,1,0,0
21,4,549,259,124,257,0.94,1,0,0
21,5,936,204,239,516,0.93,1,0,0
21,6,160,221,163,415,0.94,1,0,0
21,7,368,320,83,219,0.91,1,0,0
21,8,589,196,105,255,0.91,1,0,0
21,9,249,195,101,277,0.77,1,0,0
21,10,538,162,42,115,0.90,1,0,0
21,11,284,202,114,314,0.92,1,0,0
21,12,580,143,39,134,0.77,1,0,0
21,13,597,152,54,137,0.84,1,0,0
21,14,666,148,59,153,0.82,1,0,0
21,15,299,168,62,188,0.62,1,0,0
21,16,1168,280,112,440,0.57,1,0,0
21,17,739,148,56,154,0.37,1,0,0
21,18,0,282,48,207,0.84,1,0,0
22,1,433,224,121,271,0.95,1,0,0
22,2,750,235,132,266,0.95,1,0,0
22,3,659,259,108,240,0.93,1,0,0
22,4,549,259,124,256,0.94,1,0,0
22,5,935,202,240,518,0.93,1,0,0
22,6,155,221,163,410,0.94,1,0,0
22,7,371,319,81,217,0.90,1,0,0
22,8,590,195,105,256,0.90,1,0,0
22,9,254,193,100,275,0.75,1,0,0
22,10,538,162,42,114,0.91,1,0,0
22,11,288,203,113,312,0.91,1,0,0
22,12,580,142,39,134,0.75,1,0,0
22,13,597,151,54,137,0.82,1,0,0
22,14,665,149,58,147,0.83,1,0,0
22,15,298,167,65,197,0.61,1,0,0
22,16,1170,284,110,436,0.57,1,0,0
22,17,741,148,54,147,0.62,1,0,0
22,18,0,281,48,208,0.84,1,0,0
23,1,433,221,121,271,0.95,1,0,0
23,2,750,234,132,267,0.95,1,0,0
23,3,659,258,107,240,0.93,1,0,0
23,4,549,258,124,256,0.94,1,0,0
23,5,935,202,240,518,0.93,1,0,0
23,6,150,219,165,406,0.94,1,0,0
23,7,374,318,80,215,0.91,1,0,0
23,8,590,194,105,256,0.91,1,0,0
23,9,251,192,105,286,0.78,1,0,0
23,10,538,161,42,114,0.89,1,0,0
23,11,290,203,113,312,0.92,1,0,0
23,12,580,142,39,134,0.68,1,0,0
23,13,598,149,54,137,0.83,1,0,0
23,14,664,148,57,146,0.84,1,0,0
23,15,296,166,66,200,0.40,1,0,0
23,16,1174,285,106,435,0.57,1,0,0
23,17,742,147,53,145,0.52,1,0,0
23,18,0,280,49,208,0.84,1,0,0
24,1,434,219,121,271,0.95,1,0,0
24,2,750,233,132,267,0.95,1,0,0
24,3,660,257,107,241,0.93,1,0,0
24,4,549,257,124,257,0.95,1,0,0
24,5,936,202,239,518,0.94,1,0,0
24,6,145,216,167,405,0.93,1,0,0
24,7,379,317,77,208,0.91,1,0,0
24,8,590,192,106,259,0.91,1,0,0
24,9,258,190,104,285,0.80,1,0,0
24,10,538,161,43,114,0.88,1,0,0
24,11,292,202,114,312,0.92,1,0,0
24,12,580,141,39,135,0.62,1,0,0
24,13,598,148,55,140,0.84,1,0,0
24,14,662,146,60,151,0.85,1,0,0
24,15,297,165,66,198,0.29,1,0,0
24,16,1179,287,101,433,0.56,1,0,0
24,17,743,145,52,144,0.72,1,0,0
24,18,0,279,49,207,0.83,1,0,0
25,1,435,217,120,271,0.95,1,0,0
25,2,751,231,132,268,0.95,1,0,0
25,3,660,257,108,242,0.93,1,0,0
25,4,549,256,124,257,0.95,1,0,0
25,5,936,202,240,518,0.94,1,0,0
25,6,140,213,171,404,0.93,1,0,0
25,7,383,315,75,208,0.92,1,0,0
25,8,590,191,106,259,0.91,1,0,0
25,9,258,188,104,283,0.82,1,0,0
25,10,538,162,42,112,0.88,1,0,0
25,11,295,200,116,314,0.92,1,0,0
25,12,581,139,39,136,0.72,1,0,0
25,13,598,147,54,138,0.83,1,0,0
25,14,661,144,59,154,0.87,1,0,0
25,15,298,165,62,187,0.18,1,0,0
25,16,1183,303,97,417,0.52,1,0,0
25,17,743,144,52,142,0.72,1,0,0
25,18,0,277,49,208,0.83,1,0,0
25,20,717,143,39,122,0.68,1,0,0
26,1,436,215,119,270,0.95,1,0,0
26,2,751,231,132,267,0.95,1,0,0
26,3,661,255,107,243,0.93,1,0,0
26,4,549,256,125,256,0.94,1,0,0
26,5,936,200,240,520,0.93,1,0,0
26,6,136,211,174,401,0.94,1,0,0
26,7,386,312,75,207,0.92,1,0,0
26,8,591,191,106,257,0.91,1,0,0
26,9,260,186,105,285,0.85,1,0,0
26,10,538,162,42,112,0.88,1,0,0
26,11,299,201,115,312,0.91,1,0,0
26,12,582,138,39,137,0.76,1,0,0
26,13,598,146,55,139,0.86,1,0,0
26,14,659,143,59,151,0.88,1,0,0
26,15,298,164,58,173,0.32,1,0,0
26,16,1187,294,93,426,0.57,1,0,0
26,17,743,143,53,143,0.71,1,0,0
26,18,0,277,51,206,0.84,1,0,0
26,20,718,142,39,123,0.68,1,0,0
27,1,437,214,118,264,0.95,1,0,0
27,2,752,231,132,266,0.95,1,0,0
27,3,662,254,107,243,0.93,1,0,0
27,4,550,255,124,257,0.94,1,0,0
27,5,937,200,239,520,0.93,1,0,0
27,6,135,208,176,399,0.94,1,0,0
27,7,390,310,74,208,0.92,1,0,0
27,8,592,190,105,257,0.91,1,0,0
27,9,262,184,107,286,0.85,1,0,0
27,10,538,163,43,110,0.88,1,0,0
27,11,303,201,116,312,0.90,1,0,0
27,12,582,137,40,138,0.76,1,0,0
27,13,599,146,55,139,0.86,1,0,0
27,14,658,142,59,153,0.89,1,0,0
27,15,300,164,56,166,0.19,1,0,0
27,16,1188,290,92,430,0.61,1,0,0
27,17,743,143,53,143,0.78,1,0,0
27,18,0,276,52,202,0.85,1,0,0
27,20,720,143,37,118,0.71,1,0,0
28,1,439,212,116,261,0.95,1,0,0
28,2,752,230,132,267,0.95,1,0,0
28,3,662,254,107,243,0.92,1,0,0
28,4,550,255,125,257,0.94,1,0,0
28,5,938,201,238,519,0.93,1,0,0
28,6,134,207,177,395,0.93,1,0,0
28,7,393,309,74,207,0.92,1,0,0
28,8,592,190,104,255,0.91,1,0,0
28,9,265,181,108,287,0.85,1,0,0
28,10,538,164,42,109,0.86,1,0,0
28,11,307,200,117,311,0.92,1,0,0
28,12,583,136,40,139,0.78,1,0,0
28,13,600,145,54,138,0.85,1,0,0
28,14,656,141,60,152,0.88,1,0,0
28,15,301,164,57,169,0.39,1,0,0
28,16,1190,292,90,428,0.62,1,0,0
28,17,743,143,52,141,0.75,1,0,0
28,18,0,276,53,199,0.87,1,0,0
28,20,721,142,37,116,0.71,1,0,0
29,1,440,210,115,258,0.95,1,0,0
29,2,753,230,132,267,0.95,1,0,0
29,3,663,253,107,244,0.92,1,0,0
29,4,551,255,124,257,0.94,1,0,0
29,5,939,200,238,520,0.93,1,0,0
29,6,135,206,177,393,0.92,1,0,0
29,7,396,308,73,205,0.92,1,0,0
29,8,592,189,104,255,0.91,1,0,0
29,9,270,180,108,286,0.87,1,0,0
29,10,538,164,43,108,0.85,1,0,0
29,11,310,200,115,308,0.93,1,0,0
29,12,583,136,40,140,0.81,1,0,0
29,13,600,145,54,138,0.83,1,0,0
29,14,655,140,60,154,0.89,1,0,0
29,15,301,162,60,178,0.48,1,0,0
29,16,1192,291,88,429,0.65,1,0,0
29,17,742,143,53,141,0.77,1,0,0
29,18,0,275,55,199,0.86,1,0,0
29,20,722,142,37,115,0.72,1,0,0
30,1,441,209,115,257,0.95,1,0,0
30,2,754,230,131,266,0.95,1,0,0
30,3,664,254,106,242,0.92,1,0,0
30,4,552,256,124,255,0.95,1,0,0
30,5,938,196,242,524,0.93,1,0,0
30,6,137,205,177,392,0.93,1,0,0
30,7,401,308,73,204,0.91,1,0,0
30,8,592,189,104,254,0.91,1,0,0
30,9,273,180,109,288,0.88,1,0,0
30,10,538,163,43,109,0.84,1,0,0
30,11,312,200,115,306,0.93,1,0,0
30,12,583,136,40,139,0.80,1,0,0
30,13,600,145,55,138,0.84,1,0,0
30,14,655,140,60,154,0.89,1,0,0
30,15,302,161,62,183,0.48,1,0,0
30,16,1190,286,90,434,0.61,1,0,0
30,17,743,144,51,137,0.77,1,0,0
30,18,0,274,57,200,0.86,1,0,0
30,20,723,143,36,113,0.72,1,0,0
31,1,443,209,114,257,0.95,1,0,0
31,2,755,229,131,267,0.95,1,0,0
31,3,665,254,106,240,0.92,1,0,0
31,4,553,256,123,254,0.95,1,0,0
31,5,940,198,240,522,0.93,1,0,0
31,6,139,205,177,390,0.94,1,0,0
31,7,407,308,73,204,0.91,1,0,0
31,8,591,189,104,253,0.91,1,0,0
31,9,276,180,109,286,0.88,1,0,0
31,10,538,162,43,110,0.83,1,0,0
31,11,315,199,113,305,0.93,1,0,0
31,12,583,136,40,139,0.82,1,0,0
31,13,601,145,54,137,0.87,1,0,0
31,14,654,140,60,154,0.89,1,0,0
31,15,303,160,63,185,0.55,1,0,0
31,16,1186,279,94,441,0.63,1,0,0
31,17,743,145,52,134,0.76,1,0,0
31,18,0,273,59,201,0.87,1,0,0
31,20,724,143,35,109,0.74,1,0,0
32,1,443,208,115,258,0.95,1,0,0
32,2,755,229,132,267,0.95,1,0,0
32,3,666,254,105,240,0.91,1,0,0
32,4,553,256,123,254,0.94,1,0,0
32,5,940,196,242,524,0.93,1,0,0
32,6,141,205,177,390,0.94,1,0,0
32,7,410,308,74,204,0.91,1,0,0
32,8,590,190,105,251,0.91,1,0,0
32,9,278,181,108,283,0.87,1,0,0
32,10,539,160,43,112,0.83,1,0,0
32,11,317,198,112,304,0.93,1,0,0
32,12,584,137,39,138,0.83,1,0,0
32,13,601,144,56,140,0.87,1,0,0
32,14,653,140,60,155,0.86,1,0,0
32,15,303,160,65,190,0.59,1,0,0
32,16,1182,287,98,433,0.52,1,0,0
32,17,743,145,52,136,0.80,1,0,0
32,18,0,273,61,200,0.87,1,0,0
32,20,724,141,36,114,0.72,1,0,0
33,1,444,208,115,258,0.95,1,0,0
33,2,755,230,132,266,0.95,1,0,0
33,3,666,254,105,241,0.91,1,0,0
33,4,554,256,123,254,0.94,1,0,0
33,5,941,196,242,524,0.93,1,0,0
33,6,145,206,177,389,0.94,1,0,0
33,7,411,308,76,204,0.91,1,0,0
33,8,590,190,105,251,0.91,1,0,0
33,9,280,182,107,280,0.87,1,0,0
33,10,540,159,44,113,0.84,1,0,0
33,11,319,198,112,302,0.94,1,0,0
33,12,584,137,40,138,0.83,1,0,0
33,13,601,144,56,141,0.86,1,0,0
33,14,651,140,61,156,0.85,1,0,0
33,15,305,161,64,188,0.63,1,0,0
33,16,1180,274,100,446,0.60,1,0,0
33,17,742,145,53,136,0.79,1,0,0
33,18,0,273,63,200,0.88,1,0,0
33,20,724,141,37,114,0.75,1,0,0
34,1,445,209,115,257,0.95,1,0,0
34,2,756,230,131,266,0.95,1,0,0
34,3,666,254,105,241,0.92,1,0,0
34,4,554,257,123,254,0.94,1,0,0
34,5,942,196,242,524,0.93,1,0,0
34,6,146,207,177,388,0.93,1,0,0
34,7,412,309,77,203,0.91,1,0,0
34,8,590,192,106,250,0.91,1,0,0
34,9,285,183,106,279,0.87,1,0,0
34,10,541,159,44,113,0.87,1,0,0
34,11,322,197,110,299,0.94,1,0,0
34,12,585,137,39,137,0.83,1,0,0
34,13,601,144,56,141,0.86,1,0,0
34,14,650,141,61,156,0.84,1,0,0
34,15,307,162,63,185,0.41,1,0,0
34,16,1179,266,101,454,0.58,1,0,0
34,17,740,144,54,137,0.81,1,0,0
34,18,0,274,65,199,0.88,1,0,0
34,20,725,142,36,113,0.74,1,0,0
35,1,447,210,114,256,0.95,1,0,0
35,2,756,230,131,267,0.95,1,0,0
35,3,667,255,105,241,0.92,1,0,0
35,4,554,258,124,253,0.94,1,0,0
35,5,943,197,241,523,0.93,1,0,0
35,6,150,209,176,387,0.94,1,0,0
35,7,415,309,77,202,0.91,1,0,0
35,8,592,190,106,253,0.89,1,0,0
35,9,288,186,106,276,0.88,1,0,0
35,10,541,161,44,112,0.87,1,0,0
35,11,325,198,108,294,0.94,1,0,0
35,12,586,138,38,137,0.84,1,0,0
35,13,601,145,55,141,0.87,1,0,0
35,14,651,143,60,152,0.85,1,0,0
35,15,307,165,58,167,0.33,1,0,0
35,16,1178,257,102,463,0.68,1,0,0
35,17,740,144,53,136,0.81,1,0,0
35,18,0,276,67,199,0.88,1,0,0
35,20,724,142,38,116,0.75,1,0,0
36,1,448,211,114,256,0.94,1,0,0
36,2,756,231,132,266,0.95,1,0,0
36,3,668,256,104,241,0.92,1,0,0
36,4,554,258,124,253,0.94,1,0,0
36,5,944,197,241,523,0.93,1,0,0
36,6,154,213,174,384,0.93,1,0,0
36,7,417,310,79,199,0.91,1,0,0
36,8,593,190,107,254,0.89,1,0,0
36,9,290,188,105,275,0.90,1,0,0
36,10,543,162,44,112,0.86,1,0,0
36,11,329,198,107,291,0.95,1,0,0
36,12,586,139,39,138,0.84,1,0,0
36,13,601,146,55,140,0.87,1,0,0
36,14,651,144,60,151,0.85,1,0,0
36,15,304,164,61,179,0.60,1,0,0
36,16,1178,257,102,463,0.66,1,0,0
36,17,739,144,53,136,0.82,1,0,0
36,18,0,277,69,199,0.89,1,0,0
36,20,724,142,38,117,0.74,1,0,0
37,1,450,212,113,256,0.94,1,0,0
37,2,757,231,132,267,0.95,1,0,0
37,3,670,257,102,241,0.92,1,0,0
37,4,555,259,124,253,0.94,1,0,0
37,5,944,197,242,523,0.93,1,0,0
37,6,152,216,171,383,0.92,1,0,0
37,7,420,310,79,198,0.92,1,0,0
37,8,593,189,108,256,0.88,1,0,0
37,9,292,189,105,274,0.89,1,0,0
37,10,543,161,44,114,0.81,1,0,0
37,11,332,198,106,289,0.95,1,0,0
37,12,587,140,38,137,0.84,1,0,0
37,13,601,146,55,140,0.86,1,0,0
37,14,652,145,60,151,0.83,1,0,0
37,15,303,165,61,179,0.62,1,0,0
37,16,1179,257,101,463,0.67,1,0,0
37,17,738,144,54,139,0.75,1,0,0
37,18,0,279,71,198,0.90,1,0,0
37,20,725,144,38,117,0.63,1,0,0
38,1,451,213,113,255,0.94,1,0,0
38,2,757,232,132,267,0.95,1,0,0
38,3,670,257,102,241,0.92,1,0,0
38,4,556,260,124,254,0.94,1,0,0
38,5,945,199,241,521,0.93,1,0,0
38,6,154,220,168,380,0.91,1,0,0
38,7,423,309,80,196,0.92,1,0,0
38,8,594,190,107,257,0.87,1,0,0
38,9,296,191,103,270,0.89,1,0,0
38,10,541,160,46,115,0.83,1,0,0
38,11,336,199,105,287,0.94,1,0,0
38,12,587,141,38,136,0.84,1,0,0
38,13,601,147,55,138,0.87,1,0,0
38,14,652,146,60,150,0.84,1,0,0
38,15,304,166,58,173,0.63,1,0,0
38,16,1178,250,102,470,0.65,1,0,0
38,17,737,145,56,141,0.63,1,0,0
38,18,0,280,75,199,0.90,1,0,0
38,20,725,145,39,118,0.46,1,0,0
39,1,453,214,112,254,0.94,1,0,0
39,2,757,233,132,267,0.95,1,0,0
39,3,671,258,101,243,0.90,1,0,0
39,4,556,262,124,253,0.94,1,0,0
39,5,945,200,240,520,0.93,1,0,0
39,6,156,222,164,376,0.93,1,0,0
39,7,425,308,81,197,0.93,1,0,0
39,8,596,193,105,253,0.89,1,0,0
39,9,299,193,102,266,0.88,1,0,0
39,10,541,160,46,116,0.86,1,0,0
39,11,339,199,104,286,0.94,1,0,0
39,12,587,141,38,137,0.84,1,0,0
39,13,602,148,55,138,0.86,1,0,0
39,14,652,147,60,151,0.85,1,0,0
39,15,308,168,54,159,0.66,1,0,0
39,16,1176,246,104,474,0.65,1,0,0
39,17,736,146,56,143,0.58,1,0,0
39,18,0,282,78,197,0.91,1,0,0
39,20,725,147,39,119,0.40,1,0,0
40,1,456,216,110,250,0.93,1,0,0
40,2,757,234,132,267,0.95,1,0,0
40,3,671,258,101,243,0.90,1,0,0
40,4,557,263,124,253,0.94,1,0,0
40,5,945,201,240,519,0.93,1,0,0
40,6,159,224,160,373,0.92,1,0,0
40,7,428,307,82,197,0.93,1,0,0
40,8,597,196,104,250,0.88,1,0,0
40,9,300,193,103,267,0.87,1,0,0
40,10,541,161,47,117,0.88,1,0,0
40,11,340,200,105,286,0.94,1,0,0
40,12,588,143,37,135,0.84,1,0,0
40,13,602,150,54,134,0.86,1,0,0
40,14,653,148,59,150,0.86,1,0,0
40,15,309,170,53,157,0.68,1,0,0
40,16,1175,243,105,477,0.64,1,0,0
40,17,735,147,55,142,0.78,1,0,0
40,18,0,282,80,198,0.91,1,0,0
40,20,725,148,39,119,0.52,1,0,0
41,1,458,217,109,249,0.92,1,0,0
41,2,757,235,132,267,0.95,1,0,0
41,3,672,259,101,243,0.91,1,0,0
41,4,557,264,124,253,0.94,1,0,0
41,5,945,202,240,518,0.93,1,0,0
41,6,163,224,157,371,0.91,1,0,0
41,7,429,307,84,198,0.93,1,0,0
41,8,599,199,102,247,0.89,1,0,0
41,9,302,194,104,267,0.86,1,0,0
41,10,541,164,47,115,0.87,1,0,0
41,11,341,201,106,286,0.93,1,0,0
41,12,588,144,37,136,0.82,1,0,0
41,13,601,151,54,136,0.86,1,0,0
41,14,653,148,59,150,0.86,1,0,0
41,15,310,172,52,155,0.75,1,0,0
41,16,1175,238,105,482,0.67,1,0,0
41,17,733,149,56,142,0.62,1,0,0
41,18,3,283,80,197,0.93,1,0,0
41,20,725,150,38,114,0.37,1,0,0
42,1,459,218,109,246,0.93,1,0,0
42,2,757,237,132,266,0.95,1,0,0
42,3,673,260,100,243,0.91,1,0,0
42,4,557,265,124,254,0.94,1,0,0
42,5,945,203,240,517,0.93,1,0,0
42,6,168,225,153,369,0.92,1,0,0
42,7,432,308,83,198,0.92,1,0,0
42,8,598,200,102,247,0.90,1,0,0
42,9,303,194,105,268,0.85,1,0,0
42,10,541,166,46,115,0.86,1,0,0
42,11,342,204,106,285,0.93,1,0,0
42,12,588,145,38,138,0.84,1,0,0
42,13,601,152,54,137,0.87,1,0,0
42,14,654,149,58,150,0.85,1,0,0
42,15,311,174,52,157,0.76,1,0,0
42,16,1175,237,105,483,0.60,1,0,0
42,17,732,149,56,144,0.66,1,0,0
42,18,5,283,79,195,0.92,1,0,0
42,20,725,152,39,115,0.26,1,0,0
43,1,462,220,107,240,0.92,1,0,0
43,2,757,238,132,266,0.95,1,0,0
43,3,673,261,99,243,0.92,1,0,0
43,4,556,267,125,254,0.94,1,0,0
43,5,946,204,239,516,0.93,1,0,0
43,6,168,225,151,367,0.91,1,0,0
43,7,434,309,85,198,0.92,1,0,0
43,8,598,202,102,246,0.88,1,0,0
43,9,304,195,105,264,0.87,1,0,0
43,10,541,168,46,114,0.87,1,0,0
43,11,343,206,107,285,0.93,1,0,0
43,12,588,148,38,137,0.84,1,0,0
43,13,601,154,54,136,0.86,1,0,0
43,14,654,150,58,149,0.83,1,0,0
43,15,312,176,52,157,0.74,1,0,0
43,16,1182,240,98,480,0.55,1,0,0
43,17,732,151,56,144,0.72,1,0,0
43,18,7,283,78,192,0.93,1,0,0
43,20,725,154,38,113,0.24,1,0,0
44,1,464,221,107,238,0.93,1,0,0
44,2,756,240,133,266,0.95,1,0,0
44,3,673,263,98,244,0.92,1,0,0
44,4,556,268,125,254,0.93,1,0,0
44,5,945,205,241,515,0.93,1,0,0
44,6,173,226,146,362,0.93,1,0,0
44,7,435,311,86,198,0.91,1,0,0
44,8,598,203,102,247,0.90,1,0,0
44,9,306,196,104,260,0.88,1,0,0
44,10,541,171,46,113,0.86,1,0,0
44,11,345,208,106,285,0.92,1,0,0
44,12,588,149,38,138,0.84,1,0,0
44,13,600,156,54,136,0.84,1,0,0
44,14,653,150,58,151,0.84,1,0,0
44,15,311,178,52,156,0.74,1,0,0
44,16,1188,244,92,476,0.52,1,0,0
44,17,730,152,57,144,0.66,1,0,0
44,18,8,283,77,190,0.94,1,0,0
44,20,725,156,39,117,0.23,1,0,0
45,1,467,222,105,237,0.93,1,0,0
45,2,756,242,133,266,0.95,1,0,0
45,3,671,265,99,244,0.93,1,0,0
45,4,557,271,124,252,0.93,1,0,0
45,5,945,208,241,512,0.93,1,0,0
45,6,175,227,143,358,0.94,1,0,0
45,7,437,314,86,196,0.91,1,0,0
45,8,598,206,101,244,0.90,1,0,0
45,9,308,196,105,258,0.87,1,0,0
45,10,541,175,45,110,0.85,1,0,0
45,11,347,210,107,285,0.92,1,0,0
45,12,588,151,38,136,0.84,1,0,0
45,13,601,158,53,135,0.86,1,0,0
45,14,652,152,58,150,0.86,1,0,0
45,15,311,180,53,156,0.73,1,0,0
45,16,1186,239,94,481,0.49,1,0,0
45,17,728,152,58,147,0.59,1,0,0
45,18,9,282,78,190,0.93,1,0,0
45,20,724,156,40,120,0.19,1,0,0
46,1,467,223,106,236,0.93,1,0,0
46,2,756,244,133,265,0.95,1,0,0
46,3,670,267,98,242,0.93,1,0,0
46,4,557,274,124,251,0.93,1,0,0
46,5,945,210,241,510,0.93,1,0,0
46,6,176,228,140,354,0.92,1,0,0
46,7,439,317,86,194,0.91,1,0,0
46,8,598,208,101,243,0.89,1,0,0
46,9,309,196,104,255,0.85,1,0,0
46,10,540,175,46,112,0.86,1,0,0
46,11,348,211,107,286,0.92,1,0,0
46,12,588,153,38,137,0.84,1,0,0
46,13,601,160,54,135,0.88,1,0,0
46,14,651,153,57,148,0.86,1,0,0
46,15,309,182,54,161,0.72,1,0,0
46,16,1177,233,103,487,0.54,1,0,0
46,17,728,153,57,146,0.46,1,0,0
46,18,10,283,77,188,0.93,1,0,0
46,20,724,156,40,120,0.14,1,0,0
47,1,468,225,106,236,0.93,1,0,0
47,2,756,246,132,266,0.95,1,0,0
47,3,669,269,98,244,0.93,1,0,0
47,4,556,278,124,249,0.91,1,0,0
47,5,945,212,241,508,0.92,1,0,0
47,6,167,228,141,352,0.88,1,0,0
47,7,439,319,87,194,0.90,1,0,0
47,8,597,209,101,245,0.88,1,0,0
47,9,313,198,104,254,0.86,1,0,0
47,10,540,175,47,114,0.83,1,0,0
47,11,351,213,107,287,0.91,1,0,0
47,12,588,155,38,138,0.84,1,0,0
47,13,600,161,54,136,0.86,1,0,0
47,14,650,154,57,149,0.86,1,0,0
47,15,307,183,55,163,0.74,1,0,0
47,16,1178,238,102,482,0.53,1,0,0
47,17,727,154,56,145,0.67,1,0,0
47,18,11,282,78,189,0.93,1,0,0
48,1,468,225,106,237,0.93,1,0,0
48,2,754,247,133,267,0.94,1,0,0
48,3,667,271,100,245,0.92,1,0,0
48,4,548,278,122,252,0.88,1,0,0
48,5,943,213,243,507,0.92,1,0,0
48,6,172,230,139,350,0.91,1,0,0
48,7,439,320,87,195,0.90,1,0,0
48,8,593,210,108,265,0.88,1,0,0
48,9,314,198,105,255,0.87,1,0,0
48,10,540,178,47,114,0.77,1,0,0
48,11,352,215,108,286,0.90,1,0,0
48,12,587,157,38,139,0.81,1,0,0
48,13,599,162,54,137,0.81,1,0,0
48,14,648,155,58,151,0.85,1,0,0
48,15,307,185,54,159,0.78,1,0,0
48,16,1182,232,98,488,0.44,1,0,0
48,17,727,157,55,142,0.70,1,0,0
48,18,12,283,79,189,0.94,1,0,0
49,1,469,226,105,236,0.93,1,0,0
49,2,753,249,134,267,0.94,1,0,0
49,3,667,274,100,244,0.93,1,0,0
49,4,544,280,119,252,0.89,1,0,0
49,5,942,215,243,505,0.92,1,0,0
49,6,175,232,137,349,0.95,1,0,0
49,7,438,320,88,196,0.91,1,0,0
49,8,593,213,108,268,0.88,1,0,0
49,9,317,198,105,255,0.88,1,0,0
49,10,540,182,45,113,0.70,1,0,0
49,11,354,216,107,287,0.91,1,0,0
49,12,586,159,38,138,0.81,1,0,0
49,13,598,164,54,136,0.82,1,0,0
49,14,646,157,58,150,0.84,1,0,0
49,15,307,188,54,158,0.79,1,0,0
49,16,1180,226,100,494,0.46,1,0,0
49,17,725,158,56,142,0.53,1,0,0
49,18,14,285,79,189,0.94,1,0,0
50,1,469,227,105,237,0.93,1,0,0
50,2,753,251,134,266,0.95,1,0,0
50,3,667,276,100,243,0.93,1,0,0
50,4,544,282,116,252,0.89,1,0,0
50,5,942,217,244,503,0.92,1,0,0
50,6,176,235,136,347,0.94,1,0,0
50,7,438,320,87,195,0.90,1,0,0
50,8,592,214,109,272,0.88,1,0,0
50,9,320,198,105,256,0.89,1,0,0
50,10,539,184,47,115,0.76,1,0,0
50,11,356,216,107,288,0.93,1,0,0
50,12,586,160,38,137,0.80,1,0,0
50,13,598,166,53,136,0.82,1,0,0
50,14,643,159,60,152,0.86,1,0,0
50,15,308,190,53,157,0.84,1,0,0
50,16,1183,222,97,498,0.46,1,0,0
50,17,725,163,53,134,0.58,1,0,0
50,18,15,287,79,189,0.94,1,0,0
51,1,469,228,105,237,0.93,1,0,0
51,2,753,252,134,267,0.95,1,0,0
51,3,667,278,99,241,0.92,1,0,0
51,4,543,284,115,253,0.88,1,0,0
51,5,941,219,245,501,0.92,1,0,0
51,6,177,238,135,346,0.94,1,0,0
51,7,439,320,85,191,0.91,1,0,0
51,8,592,216,108,271,0.87,1,0,0
51,9,322,201,104,253,0.89,1,0,0
51,10,538,186,47,113,0.81,1,0,0
51,11,357,219,106,287,0.92,1,0,0
51,12,586,162,37,134,0.81,1,0,0
51,13,597,170,52,132,0.81,1,0,0
51,14,641,161,60,153,0.87,1,0,0
51,15,308,192,53,156,0.85,1,0,0
51,16,1181,225,99,495,0.41,1,0,0
51,17,724,164,53,135,0.65,1,0,0
51,18,17,290,78,187,0.94,1,0,0
52,1,469,230,105,236,0.93,1,0,0
52,2,752,254,134,267,0.95,1,0,0
52,3,668,280,99,241,0.93,1,0,0
52,4,545,285,113,254,0.87,1,0,0
52,5,940,219,246,501,0.92,1,0,0
52,6,177,243,134,344,0.94,1,0,0
52,7,439,319,84,190,0.91,1,0,0
52,8,590,217,109,276,0.88,1,0,0
52,9,323,204,104,251,0.90,1,0,0
52,10,538,187,47,114,0.77,1,0,0
52,11,358,220,105,287,0.92,1,0,0
52,12,585,163,36,132,0.75,1,0,0
52,13,595,174,49,126,0.80,1,0,0
52,14,639,164,60,152,0.85,1,0,0
52,15,308,194,53,155,0.87,1,0,0
52,16,1183,217,97,503,0.44,1,0,0
52,17,722,165,54,138,0.42,1,0,0
52,18,19,291,78,187,0.94,1,0,0
53,1,469,231,105,238,0.93,1,0,0
53,2,751,255,135,268,0.95,1,0,0
53,3,669,282,99,241,0.93,1,0,0
53,4,545,286,111,255,0.88,1,0,0
53,5,940,222,246,498,0.92,1,0,0
53,6,177,245,133,344,0.93,1,0,0
53,7,440,320,83,187,0.91,1,0,0
53,8,588,219,110,282,0.88,1,0,0
53,9,325,206,103,252,0.89,1,0,0
53,10,538,187,47,115,0.71,1,0,0
53,11,359,222,104,284,0.92,1,0,0
53,12,584,166,36,130,0.78,1,0,0
53,13,595,173,50,130,0.82,1,0,0
53,14,637,166,60,151,0.86,1,0,0
53,15,307,195,53,156,0.86,1,0,0
53,16,1187,222,93,498,0.43,1,0,0
53,17,719,164,58,147,0.55,1,0,0
53,18,21,293,77,186,0.94,1,0,0
54,1,469,233,105,237,0.93,1,0,0
54,2,750,256,135,268,0.95,1,0,0
54,3,669,283,100,243,0.92,1,0,0
54,4,546,288,108,253,0.88,1,0,0
54,5,939,223,247,497,0.92,1,0,0
54,6,170,248,134,343,0.90,1,0,0
54,7,441,321,82,186,0.91,1,0,0
54,8,587,221,110,284,0.89,1,0,0
54,9,327,208,103,250,0.88,1,0,0
54,10,536,190,47,112,0.73,1,0,0
54,11,360,222,103,283,0.93,1,0,0
54,12,583,167,36,129,0.76,1,0,0
54,13,595,173,51,134,0.82,1,0,0
54,14,635,168,61,153,0.86,1,0,0
54,15,305,197,54,157,0.87,1,0,0
54,16,1178,239,102,481,0.32,1,0,0
54,17,715,165,62,158,0.60,1,0,0
54,18,23,294,77,185,0.94,1,0,0
55,1,468,234,105,238,0.93,1,0,0
55,2,750,258,134,268,0.95,1,0,0
55,3,671,285,99,240,0.92,1,0,0
55,4,545,289,108,254,0.90,1,0,0
55,5,938,223,247,497,0.92,1,0,0
55,6,171,251,134,341,0.91,1,0,0
55,7,441,321,82,186,0.92,1,0,0
55,8,585,223,111,288,0.90,1,0,0
55,9,330,208,106,256,0.87,1,0,0
55,10,536,193,46,110,0.78,1,0,0
55,11,362,222,101,281,0.93,1,0,0
55,12,582,168,37,131,0.82,1,0,0
55,13,594,173,51,134,0.83,1,0,0
55,14,635,170,60,150,0.86,1,0,0
55,15,303,198,54,156,0.86,1,0,0
55,16,1188,252,92,414,0.67,1,0,0
55,17,708,165,66,168,0.57,1,0,0
55,18,25,295,76,184,0.93,1,0,0
56,1,468,236,104,238,0.93,1,0,0
56,2,750,259,134,268,0.95,1,0,0
56,3,672,285,99,242,0.92,1,0,0
56,4,546,290,106,255,0.89,1,0,0
56,5,936,224,249,496,0.92,1,0,0
56,6,170,254,134,337,0.92,1,0,0
56,7,442,323,81,185,0.92,1,0,0
56,8,584,224,111,292,0.90,1,0,0
56,9,331,212,105,253,0.86,1,0,0
56,10,537,195,45,109,0.73,1,0,0
56,11,363,221,100,280,0.93,1,0,0
56,12,581,169,37,132,0.82,1,0,0
56,13,592,174,52,134,0.79,1,0,0
56,14,634,171,59,148,0.86,1,0,0
56,15,303,200,54,154,0.88,1,0,0
56,16,1189,254,91,343,0.70,1,0,0
56,17,707,166,66,167,0.70,1,0,0
56,18,27,295,75,180,0.93,1,0,0
57,1,468,237,104,238,0.93,1,0,0
57,2,750,261,133,267,0.95,1,0,0
57,3,672,285,100,244,0.92,1,0,0
57,4,548,291,105,256,0.90,1,0,0
57,5,935,225,247,495,0.92,1,0,0
57,6,166,256,133,333,0.91,1,0,0
57,7,444,325,81,184,0.92,1,0,0
57,8,583,225,111,294,0.90,1,0,0
57,9,332,215,105,251,0.85,1,0,0
57,10,535,197,44,107,0.69,1,0,0
57,11,364,220,100,280,0.92,1,0,0
57,12,579,171,37,131,0.79,1,0,0
57,13,591,176,51,133,0.77,1,0,0
57,14,632,172,60,147,0.85,1,0,0
57,15,303,201,55,155,0.88,1,0,0
57,16,1185,254,95,336,0.76,1,0,0
57,17,709,169,64,161,0.68,1,0,0
57,18,29,295,74,178,0.93,1,0,0
58,1,467,239,104,237,0.93,1,0,0
58,2,750,262,132,267,0.95,1,0,0
58,3,672,285,100,247,0.92,1,0,0
58,4,548,292,103,256,0.88,1,0,0
58,5,933,226,248,494,0.92,1,0,0
58,6,165,256,133,332,0.92,1,0,0
58,7,445,326,82,185,0.92,1,0,0
58,8,584,227,108,289,0.89,1,0,0
58,9,333,215,105,251,0.84,1,0,0
58,10,533,197,44,109,0.73,1,0,0
58,11,364,219,100,279,0.92,1,0,0
58,12,578,173,37,129,0.80,1,0,0
58,13,591,177,50,134,0.81,1,0,0
58,14,631,174,59,144,0.87,1,0,0
58,15,303,203,56,153,0.88,1,0,0
58,16,1179,255,101,335,0.78,1,0,0
58,17,710,171,61,157,0.60,1,0,0
58,18,31,295,72,178,0.93,1,0,0
59,1,467,240,103,236,0.93,1,0,0
59,2,749,263,132,267,0.94,1,0,0
59,3,672,286,100,247,0.92,1,0,0
59,4,549,297,101,253,0.85,1,0,0
59,5,933,229,246,491,0.92,1,0,0
59,6,161,256,134,331,0.91,1,0,0
59,7,447,327,82,185,0.92,1,0,0
59,8,583,228,107,286,0.88,1,0,0
59,9,334,219,103,246,0.86,1,0,0
59,10,531,199,44,108,0.70,1,0,0
59,11,365,218,100,280,0.92,1,0,0
59,12,577,174,38,129,0.78,1,0,0
59,13,590,179,50,134,0.83,1,0,0
59,14,630,175,60,145,0.87,1,0,0
59,15,303,205,56,152,0.88,1,0,0
59,16,1176,258,104,316,0.79,1,0,0
59,17,709,173,60,155,0.54,1,0,0
59,18,32,295,72,178,0.93,1,0,0
59,21,1142,351,130,298,0.62,1,0,0
60,1,468,241,102,235,0.93,1,0,0
60,2,748,263,132,268,0.94,1,0,0
60,3,672,286,100,247,0.91,1,0,0
60,4,549,299,99,252,0.86,1,0,0
60,5,933,230,245,490,0.92,1,0,0
60,6,155,256,135,331,0.90,1,0,0
60,7,447,329,83,185,0.93,1,0,0
60,8,582,230,106,285,0.89,1,0,0
60,9,335,223,101,241,0.86,1,0,0
60,10,529,201,44,109,0.76,1,0,0
60,11,366,217,99,281,0.92,1,0,0
60,12,576,175,38,129,0.78,1,0,0
60,13,589,182,50,130,0.82,1,0,0
60,14,630,175,59,144,0.88,1,0,0
60,15,301,206,57,153,0.88,1,0,0
60,16,1173,259,107,314,0.78,1,0,0
60,17,710,176,57,149,0.40,1,0,0
60,18,33,296,73,179,0.94,1,0,0
60,21,1140,345,133,304,0.23,1,0,0
